$MeshFormat
2.2 0 8
$EndMeshFormat
$PhysicalNames
3
2 73 "100"
2 74 "101"
3 75 "200"
$EndPhysicalNames
$Nodes
596
1 0 3.5 9.696652027385831
2 1 3.5 9.696652027385831
3 -2.22044604925031e-16 2.5 9.696652027385831
4 1 2.5 9.696652027385831
5 2.5 0 9.696652027385831
6 3.5 0 9.696652027385831
7 3.5 0.999999999999999 9.696652027385831
8 2.5 0.999999999999999 9.696652027385831
9 6 2.5 9.696652027385831
10 6 3.5 9.696652027385831
11 5 3.5 9.696652027385831
12 5 2.5 9.696652027385831
13 3.5 6 9.696652027385831
14 3.5 5 9.696652027385831
15 2.5 6 9.696652027385831
16 2.5 5 9.696652027385831
17 0 6 0
18 0 0 0
19 6 6 0
20 6 0 0
21 1 1 0
22 1 5 0
23 5 0.999999999999998 0
24 5 5 0
25 2.5 5 11.6966520273858
26 2.5 6 11.6966520273858
27 3.5 6 11.6966520273858
28 3.5 5 11.6966520273858
29 6 3.5 11.6966520273858
30 6 2.5 11.6966520273858
31 5 2.5 11.6966520273858
32 5 3.5 11.6966520273858
33 -2.22044604925031e-16 2.5 11.6966520273858
34 0 3.5 11.6966520273858
35 1 3.5 11.6966520273858
36 1 2.5 11.6966520273858
37 3.5 0 11.6966520273858
38 2.5 -3.5527136788005e-15 11.6966520273858
39 2.5 0.999999999999996 11.6966520273858
40 3.5 0.999999999999998 11.6966520273858
41 6 6 12.6513784890286
42 0 6 12.6513784890286
43 0 -3.5527136788005e-15 12.6513784890286
44 6 -3.5527136788005e-15 12.6513784890286
45 1 5 12.6513784890286
46 5 5 12.6513784890286
47 5 0.999999999999995 12.6513784890286
48 1 0.999999999999997 12.6513784890286
49 0.4999999999999999 3.5 9.696652027385831
50 -1.110223024625155e-16 3 9.696652027385831
51 0.5000000000000001 2.5 9.696652027385831
52 1 3 9.696652027385831
53 3 0 9.696652027385831
54 3.5 0.4999999999999998 9.696652027385831
55 3 0.999999999999999 9.696652027385831
56 2.5 0.4999999999999994 9.696652027385831
57 6 3 9.696652027385831
58 5.5 3.5 9.696652027385831
59 5 3 9.696652027385831
60 5.5 2.5 9.696652027385831
61 3.5 5.5 9.696652027385831
62 3 6 9.696652027385831
63 2.5 5.5 9.696652027385831
64 3 5 9.696652027385831
65 0 4.500000000000001 0
66 0 3.000000000000001 0
67 0 1.5 0
68 4.500000000000001 6 0
69 3.000000000000001 6 0
70 1.5 6 0
71 6 1.499999999999999 0
72 6 2.999999999999999 0
73 6 4.5 0
74 1.499999999999999 0 0
75 2.999999999999999 0 0
76 4.5 0 0
77 1 2.333333333333333 0
78 1 3.666666666666667 0
79 3.666666666666667 0.9999999999999987 0
80 2.333333333333333 0.9999999999999993 0
81 5 3.666666666666667 0
82 5 2.333333333333333 0
83 2.333333333333333 5 0
84 3.666666666666667 5 0
85 2.5 5.5 11.6966520273858
86 3 6 11.6966520273858
87 3.5 5.5 11.6966520273858
88 3 5 11.6966520273858
89 6 3 11.6966520273858
90 5.5 2.5 11.6966520273858
91 5 3 11.6966520273858
92 5.5 3.5 11.6966520273858
93 -1.110223024625152e-16 2.999999999999996 11.6966520273858
94 0.4999999999999999 3.5 11.6966520273858
95 1 3 11.6966520273858
96 0.4999999999999994 2.5 11.6966520273858
97 0 2.5 10.69665202738581
98 1 2.5 10.69665202738581
99 3 -3.5527136788005e-15 11.6966520273858
100 2.5 0.4999999999999963 11.6966520273858
101 3 0.9999999999999956 11.6966520273858
102 3.5 0.4999999999999992 11.6966520273858
103 4.500000000000001 5.999999999999992 12.6513784890286
104 3.000000000000001 5.999999999999995 12.6513784890286
105 1.5 5.999999999999997 12.6513784890286
106 0 4.5 12.6513784890286
107 0 2.999999999999999 12.6513784890286
108 0 1.499999999999997 12.6513784890286
109 1.499999999999999 -3.519406988061745e-15 12.6513784890286
110 2.999999999999999 -3.48610029732299e-15 12.6513784890286
111 4.5 -3.452793606584235e-15 12.6513784890286
112 6 1.499999999999997 12.6513784890286
113 6 2.999999999999997 12.6513784890286
114 6 4.499999999999999 12.6513784890286
115 2.333333333333333 5 12.6513784890286
116 3.666666666666667 5 12.6513784890286
117 5 3.666666666666666 12.6513784890286
118 5 2.333333333333331 12.6513784890286
119 3.666666666666667 0.999999999999995 12.6513784890286
120 2.333333333333333 0.999999999999996 12.6513784890286
121 1 2.33333333333333 12.6513784890286
122 1 3.666666666666665 12.6513784890286
123 2.5 0 10.69665202738581
124 2.5 0.999999999999999 10.69665202738581
125 0 0 1.405708721003178
126 0 0 2.811417442006357
127 0 0 4.21712616300954
128 0 0 5.622834884012719
129 0 0 7.028543605015898
130 0 0 8.434252326019074
131 0 0 9.839961047022248
132 0 0 11.24566976802542
133 6 -8.88178419700125e-16 1.405708721003178
134 6 -8.88178419700125e-16 2.811417442006357
135 6 -8.88178419700125e-16 4.21712616300954
136 6 -8.88178419700125e-16 5.622834884012719
137 6 -8.88178419700125e-16 7.028543605015898
138 6 -8.88178419700125e-16 8.434252326019074
139 6 -8.881784197001249e-16 9.839961047022248
140 5.999999999999999 -8.88178419700125e-16 11.24566976802542
141 3.5 0 10.69665202738581
142 3.5 0.999999999999998 10.69665202738581
143 1 1 1.40570872100318
144 1 1 2.811417442006357
145 1 1 4.217126163009537
146 1 1 5.622834884012714
147 1 1 7.028543605015892
148 1 1 8.43425232601907
149 1 1 9.83996104702225
150 1 1 11.24566976802543
151 5 0.999999999999998 1.405708721003178
152 5 0.999999999999998 2.811417442006357
153 5 0.999999999999998 4.21712616300954
154 5 0.999999999999998 5.622834884012719
155 5 0.999999999999998 7.028543605015898
156 5 0.999999999999998 8.434252326019074
157 5 0.999999999999998 9.839961047022248
158 5 0.999999999999998 11.24566976802542
159 6 2.5 10.69665202738581
160 5 2.5 10.69665202738581
161 1 5 1.405708721003178
162 1 5 2.811417442006357
163 1 5 4.21712616300954
164 1 5 5.622834884012719
165 1 5 7.028543605015898
166 1 5 8.434252326019074
167 1 5 9.839961047022248
168 1 5 11.24566976802542
169 1 3.5 10.69665202738581
170 0 3.5 10.69665202738581
171 0 6 1.405708721003178
172 0 6 2.811417442006357
173 0 6 4.21712616300954
174 0 6 5.622834884012719
175 0 6 7.028543605015898
176 0 6 8.434252326019074
177 0 6 9.839961047022248
178 0 5.999999999999999 11.24566976802542
179 2.5 6 10.69665202738581
180 2.5 5 10.69665202738582
181 5 5 1.40570872100318
182 5 5 2.811417442006357
183 5 5 4.217126163009537
184 5 5 5.622834884012714
185 5 5 7.028543605015892
186 5 5 8.43425232601907
187 5 5 9.83996104702225
188 5 5 11.24566976802543
189 3.5 5 10.69665202738581
190 3.5 6 10.69665202738581
191 6 6 1.405708721003178
192 6 6 2.811417442006357
193 6 6 4.21712616300954
194 6 6 5.622834884012719
195 6 6 7.028543605015898
196 6 6 8.434252326019074
197 6 6 9.839961047022248
198 5.999999999999999 5.999999999999999 11.24566976802542
199 6 3.5 10.69665202738581
200 5 3.5 10.69665202738581
201 0.7500000000000002 2.75 9.696652027385831
202 0.625 3.125 9.696652027385831
203 0.2812499999999999 3.21875 9.696652027385831
204 0.3457031249999998 2.845703125 9.696652027385831
205 3.21875 0.2812499999999998 9.696652027385831
206 2.875 0.3749999999999998 9.696652027385831
207 3.145833333333333 0.6458333333333328 9.696652027385831
208 2.78125 0.7187499999999996 9.696652027385831
209 5.75 2.75 9.696652027385831
210 5.625000000000001 3.125 9.696652027385831
211 5.28125 3.21875 9.696652027385831
212 5.345703125 2.845703125 9.696652027385831
213 3.25 5.75 9.696652027385831
214 3.125 5.375 9.696652027385831
215 2.78125 5.28125 9.696652027385831
216 2.845703125 5.654296875 9.696652027385831
217 2.75 5.25 11.6966520273858
218 2.875 5.625 11.6966520273858
219 3.21875 5.718749999999999 11.6966520273858
220 3.154296874999999 5.345703125 11.6966520273858
221 5.75 3.250000000000001 11.6966520273858
222 5.625 2.875000000000001 11.6966520273858
223 5.281250000000001 2.78125 11.6966520273858
224 5.345703124999998 3.154296875 11.6966520273858
225 0.2723214285714311 3.227678571428567 11.6966520273858
226 0.3749999999999954 2.874999999999995 11.6966520273858
227 0.6443452380952372 3.147321428571428 11.6966520273858
228 0.7187499999999986 2.781250000000002 11.6966520273858
229 3.23405612244898 0.2659438775510177 11.6966520273858
230 2.875 0.3749999999999961 11.6966520273858
231 3.148384353741496 0.6432823129251665 11.6966520273858
232 2.78125 0.718749999999996 11.6966520273858
233 2.776912233602161 2.568923798654929e-16 9.210321092418456
234 4.771108295423597 -4.515883828388187e-16 6.400573005319584
235 1.216825679016275 8.111464641244963e-16 3.364619982003819
236 1.217379462710083 8.109497206340873e-16 6.325689244514308
237 4.782620537289914 -4.556783527540311e-16 3.51427180250795
238 2.178769179264041 4.693954809681485e-16 9.202798002555122
239 2.505563720902035 3.532947371446843e-16 8.636103326063767
240 3.195073915439597 1.083315071640847e-16 8.716233058807822
241 2.931706527224265 2.01898399430342e-16 8.004957188182845
242 3.901598617773719 -1.426764902752049e-16 8.092716745077407
243 1.897046101668285 5.694836241089705e-16 9.855334898400423
244 4.283960410512308 -2.785186874065116e-16 10.17237559966291
245 4.330433064076435 -2.950290906072549e-16 9.410283459238062
246 2.14079639374186 4.828861244228295e-16 1.146825245010802
247 1.800466365047018 6.037956392479028e-16 11.28064744605207
248 3.423419442296418 2.720687948837102e-17 7.275870255528554
249 2.085640632354087 5.024813872175292e-16 7.881825780819463
250 4.382392780797054 -3.134888902412489e-16 11.01028328520868
251 1.515121660646706 7.051704426975305e-16 9.328164720010186
252 4.896413937917502 -4.961058898507169e-16 7.600551762670236
253 4.809256606504689 -4.651413854989122e-16 4.95105551407431
254 3.622001205416979 -4.3343535131503e-17 4.269154373537169
255 3.618909040651447 -4.22449775255421e-17 2.868892057433224
256 3.683601800504508 -6.522846281047471e-17 5.604464882175418
257 2.512817093369159 3.507178215865455e-16 5.000205797063779
258 2.606470898215008 3.174453062317895e-16 6.335524664639476
259 4.719630455130146 -4.332997801022537e-16 2.109639730635831
260 1.180601000209607 8.24016055315157e-16 4.860979411136011
261 5.146305011433956 -5.848850333599225e-16 10.61132910426937
262 1.179315145611839 8.244728826370007e-16 2.123347824189808
263 3.634363626227407 -4.773554928313298e-17 1.284668021876839
264 1.096922083986686 8.537447783443938e-16 9.900582951950064
265 1.001820883685878 8.875315118622968e-16 7.756013863540897
266 2.452251560110384 3.722350214337752e-16 3.753628644921752
267 3.255627801649037 8.681844518000374e-17 9.254311738602762
268 4.675672696045002 -4.176828469031329e-16 8.678495778948625
269 0.9228202885868539 9.155981613464649e-16 10.82097703387302
270 1.643450967857769 6.595787141855569e-16 10.51083887153228
271 3.215467964518262 1.010860854512941e-16 12.06973283394968
272 2.777625628385389 2.56638931125017e-16 12.05774645488402
273 1.065991138507093 8.647336576547523e-16 11.80406135377965
274 2.373743574226536 4.001266609682378e-16 2.423663629239373
275 2.552727033783261 3.365389624636164e-16 7.317429746545782
276 0.9037399602894653 9.223768556802789e-16 8.968823847251764
277 3.809734349163965 -1.100397459069169e-16 8.974782134676751
278 3.741944549622901 -8.595597109564857e-17 12.15847486375695
279 2.126008042585755 4.881400021667494e-16 12.06669343001991
280 1.806402828685269 6.016865836907713e-16 7.106484015218476
281 5.086074006617276 -5.634866818899107e-16 9.540741078567967
282 1.698442672857034 6.400417359284117e-16 8.628954923373533
283 1.062500193187631 8.659738905735919e-16 1.036316252554823
284 4.119396085069234 -2.200536944020932e-16 11.67194262079862
285 5.043927132058255 -5.485131041134579e-16 11.69115450395493
286 4.953711107889466 -5.164619338023123e-16 1.01901753963349
287 3.89466134328981 -1.402118752799465e-16 6.502729907732508
288 4.177440327340209 -2.406751517512632e-16 7.174488335265657
289 3.214408704594152 0.999999999999998 9.204117398549663
290 3 0.999999999999998 1.154700538379251
291 2.219821371154791 0.999999999999998 3.562376315111764
292 3.935069836550583 0.999999999999998 6.37315752885671
293 2.10509010905243 0.999999999999998 7.720902501859047
294 3.935484620956601 0.9999999999999981 9.363771643229491
295 3.516036728564118 0.999999999999998 8.55321955690966
296 2.085887544849594 0.999999999999998 6.402763942167518
297 2.725798204864655 0.9999999999999981 8.684361861843584
298 2.1126511087603 0.999999999999998 4.975332486131359
299 3.436715468416111 0.999999999999998 4.254767605228068
300 3.423259914781314 0.999999999999998 2.763677537895168
301 4.333333333333333 0.999999999999998 12.04308770458633
302 1.714171298147742 0.9999999999999979 11.93255803000384
303 3.936385622003673 0.999999999999998 7.710660438791053
304 2.1209268608398 0.999999999999998 2.13521480896062
305 2.727371711840367 0.999999999999998 9.302924391255367
306 1.970737140362407 0.999999999999998 9.233420979562119
307 2.75 0.999999999999998 12.12966472927802
308 4.149519052838322 0.9999999999999979 10.19665202738583
309 1.814812361180709 0.999999999999998 10.28344913601109
310 3.024486737804665 0.999999999999998 7.936996300273184
311 3.337391081524997 0.999999999999998 12.06314514248201
312 1.905796731865689 0.999999999999998 11.17099619776239
313 4.09657047723433 0.999999999999998 11.17574271095384
314 1.98080973427295 0.999999999999998 8.48931894687313
315 4.028740587377454 0.999999999999998 1.804008432817258
316 3.998333731491191 0.999999999999998 5.238855223675626
317 1.96279156590045 0.999999999999998 0.983732748092872
318 3.003400353067043 0.999999999999998 6.989434453201016
319 4.267402256639327 0.999999999999998 8.699207111536909
320 4.211318589181678 0.999999999999998 3.526108675373139
321 3.016064277859589 0.999999999999998 5.748040564716817
322 4.139081450808824 0.999999999999998 0.8728835384399369
323 3.770288740958323 0.999999999999998 12.14137843933182
324 1 3.214408704594153 9.204117398549663
325 1 3 1.30991208016938
326 1 2.159950055639093 3.522379604511324
327 1 3.917078696578503 6.289825043366869
328 1 2.114302583916035 7.702938386319278
329 1 3.935484620956601 9.363771643229491
330 1 3.51603672856412 8.55321955690966
331 1 2.077520673513323 6.325438060377817
332 1 2.739150261249099 8.705357751313541
333 1 3.821652821205012 3.519086538333882
334 1 2.143326118048843 4.936107711218726
335 1 3.844973944916481 4.919438524720016
336 1 1.666666666666664 12.04308770458633
337 1 4.285828701852258 11.93255803000384
338 1 3.93457052259475 7.695440348745885
339 1 3.976476875884093 2.142214002881403
340 1 2.020456936923257 2.142762847244306
341 1 2.730042123117256 9.307123569149359
342 1 1.973026064314026 9.237020274899827
343 1 2.75 12.12966472927802
344 1 4.149519052838323 10.19665202738583
345 1 1.817221581507587 10.2838776235513
346 1 3.041302699474487 7.91903899633338
347 1 3.229166666666665 12.04358681826955
348 1 1.89677764963485 11.19318783018693
349 1 4.087069550938116 11.15363677603735
350 1 1.98242712385019 8.489750477307577
351 1 3.014129196012852 6.926559372386233
352 1 1.962791565900451 0.983732748092872
353 1 4.037208434099552 0.9837327480928735
354 1 3.000000000000009 5.626675399174169
355 1 2.994983823301572 4.224519044273477
356 1 2.995586752158838 2.810145686235629
357 1 4.267217042413929 8.697654041124139
358 1 2.229711259041677 12.14137843933183
359 0 3.223087766397839 9.210321092418456
360 0 1.228891704576403 6.400573005319581
361 0 4.783174320983726 3.364619982003818
362 0 4.782620537289915 6.325689244514308
363 0 1.217379462710086 3.51427180250795
364 0 3.821230820735959 9.202798002555122
365 0 3.494436279097965 8.636103326063767
366 0 2.804926084560402 8.716233058807822
367 0 3.068293472775732 8.004957188182845
368 0 2.098401382226279 8.092716745077407
369 0 4.102953898331715 9.855334898400423
370 0 1.716039589487691 10.17237559966291
371 0 1.669566935923564 9.410283459238064
372 0 3.859203606258138 1.146825245010801
373 0 4.19953363495298 11.28064744605206
374 0 2.57658055770358 7.275870255528554
375 0 3.91435936764591 7.881825780819463
376 0 1.617607219202944 11.01028328520868
377 0 4.484878339353293 9.328164720010186
378 0 1.103586062082498 7.600551762670236
379 0 1.190743393495311 4.95105551407431
380 0 2.37799879458302 4.269154373537169
381 0 2.381090959348552 2.868892057433227
382 0 2.316398199495491 5.604464882175421
383 0 3.487182906630841 5.000205797063779
384 0 3.393529101784992 6.335524664639476
385 0 1.280369544869851 2.109639730635831
386 0 4.819398999790394 4.860979411136011
387 0 0.8536949885660392 10.61132910426938
388 0 4.82068485438816 2.123347824189805
389 0 2.365636373772589 1.284668021876842
390 0 4.903077916013313 9.900582951950065
391 0 4.998179116314121 7.7560138635409
392 0 3.547748439889616 3.753628644921754
393 0 2.744372198350963 9.254311738602762
394 0 1.324327303954997 8.678495778948626
395 0 5.077179711413145 10.82097703387302
396 0 4.35654903214223 10.51083887153228
397 0 2.784532035481738 12.06973283394968
398 0 3.22237437161461 12.05774645488402
399 0 4.934008861492908 11.80406135377965
400 0 3.626256425773464 2.423663629239373
401 0 3.447272966216737 7.317429746545782
402 0 5.096260039710535 8.968823847251766
403 0 2.190265650836034 8.974782134676751
404 0 2.258055450377102 12.15847486375695
405 0 3.873991957414245 12.0666934300199
406 0 4.193597171314728 7.106484015218476
407 0 0.9139259933827215 9.54074107856797
408 0 4.301557327142964 8.628954923373533
409 0 4.937499806812369 1.036316252554817
410 0 1.880603914930762 11.67194262079862
411 0 0.9560728679417402 11.69115450395493
412 0 1.046288892110533 1.01901753963349
413 0 2.105338656710188 6.502729907732506
414 0 1.822559672659791 7.174488335265659
415 2.785591295405848 5 9.204117398549663
416 3 5 1.154700538379251
417 3.780178628845208 5 3.562376315111764
418 2.064930163449415 5 6.37315752885671
419 3.894909890947569 5 7.720902501859047
420 2.064515379043399 5 9.363771643229487
421 2.483963271435881 5 8.553219556909658
422 3.914112455150405 5 6.402763942167518
423 3.274201795135344 5 8.684361861843584
424 3.887348891239699 5 4.975332486131359
425 2.563284531583888 5 4.254767605228066
426 2.576740085218686 5 2.763677537895168
427 4.285828701852259 5 11.93255803000384
428 1.666666666666666 5.000000000000001 12.04308770458633
429 2.063614377996327 5 7.710660438791051
430 3.879073139160198 5 2.135214808960617
431 3.272628288159633 5 9.302924391255367
432 4.029262859637592 5 9.233420979562119
433 3.249999999999999 5 12.2322052820387
434 1.850480947161677 5 10.19665202738582
435 4.18518763881929 4.999999999999999 10.28344913601109
436 2.975513262195334 5 7.936996300273184
437 2.66256809664953 5 12.08364612676515
438 4.094203268134309 5 11.17099619776239
439 1.903429522765669 5 11.17574271095384
440 4.019190265727047 5 8.48931894687313
441 1.971259412622545 5 1.804008432817257
442 2.001666268508808 5 5.238855223675626
443 4.037208434099549 5 0.983732748092872
444 2.996599646932956 5 6.989434453201018
445 1.732597743360671 5 8.699207111536909
446 1.78868141081832 5 3.526108675373137
447 2.98393572214041 5 5.748040564716819
448 1.860918549191176 5 0.8728835384399383
449 2.229507149914322 5 12.14134280798687
450 3.223087766397838 6 9.210321092418456
451 1.228891704576403 6 6.400573005319584
452 4.783174320983724 6 3.364619982003816
453 4.782620537289917 6 6.325689244514308
454 1.217379462710085 6 3.514271802507949
455 3.821230820735959 5.999999999999999 9.202798002555122
456 3.494436279097965 6 8.636103326063767
457 2.804926084560403 6 8.716233058807822
458 3.068293472775734 6 8.004957188182845
459 2.09840138222628 6 8.092716745077407
460 4.102953898331714 6 9.855334898400423
461 1.716039589487692 6 10.17237559966291
462 1.669566935923565 6 9.410283459238064
463 3.859203606258138 6 1.146825245010802
464 4.199533634952981 6 11.28064744605206
465 2.576580557703582 6 7.275870255528554
466 3.914359367645911 6 7.881825780819463
467 1.617607219202946 6 11.01028328520868
468 4.484878339353294 6 9.328164720010186
469 1.103586062082498 6 7.600551762670236
470 1.19074339349531 6 4.95105551407431
471 2.37799879458302 6 4.269154373537169
472 2.38109095934855 6 2.868892057433223
473 2.316398199495491 6 5.604464882175418
474 3.48718290663084 6 5.000205797063779
475 3.393529101784991 6 6.335524664639475
476 1.280369544869849 6 2.109639730635831
477 4.819398999790393 6 4.860979411136011
478 0.8536949885660413 6.000000000000001 10.61132910426938
479 4.820684854388161 6 2.123347824189808
480 2.365636373772589 6 1.284668021876842
481 4.903077916013314 6 9.900582951950064
482 4.998179116314122 6 7.756013863540897
483 3.547748439889614 6 3.753628644921752
484 2.744372198350962 6 9.254311738602762
485 1.324327303954997 6 8.678495778948625
486 5.077179711413145 5.999999999999999 10.82097703387302
487 4.356549032142231 6 10.51083887153228
488 2.784532035481737 6 12.06973283394968
489 3.22237437161461 6 12.05774645488402
490 4.934008861492907 6 11.80406135377965
491 3.626256425773463 6 2.423663629239373
492 3.447272966216739 6 7.317429746545782
493 5.096260039710535 6 8.968823847251764
494 2.190265650836035 6 8.974782134676751
495 3.873991957414245 6 12.0666934300199
496 2.258055450377099 6 12.15847486375695
497 4.193597171314729 6 7.106484015218476
498 0.9139259933827225 6 9.540741078567969
499 4.301557327142964 6 8.628954923373533
500 4.937499806812368 6 1.036316252554823
501 1.880603914930765 6 11.67194262079862
502 0.9560728679417458 6 11.69115450395493
503 1.046288892110534 6 1.01901753963349
504 2.10533865671019 6 6.502729907732506
505 1.822559672659791 6 7.174488335265659
506 6 2.776912233602161 9.210321092418456
507 6 4.763956890324435 6.392119695345778
508 6 1.220163910463758 3.469144536925929
509 6 1.217379462710082 6.325689244514308
510 6 4.794234691073011 3.525263818242796
511 5.999999999999999 2.178769179264041 9.202798002555122
512 6 2.505563720902034 8.636103326063767
513 6 3.195073915439598 8.71623305880782
514 6 2.931706527224265 8.004957188182845
515 6 3.901598617773719 8.092716745077407
516 6.000000000000001 1.897046101668286 9.855334898400423
517 6 4.283960410512309 10.17237559966291
518 6 4.330433064076436 9.410283459238062
519 6 2.171258066574188 1.148688306683525
520 6 1.800466365047019 11.28064744605206
521 6 3.423419442296418 7.275870255528554
522 6 2.085640632354087 7.881825780819463
523 6 4.382392780797055 11.01028328520868
524 6 1.515121660646706 9.328164720010186
525 6.000000000000001 4.896103676346839 7.600185018346091
526 6 4.802586770188025 4.932884267938848
527 6 3.627056531912272 4.231597725848618
528 6 3.667856473187443 2.858806819254904
529 6 3.672961497333894 5.586398653414036
530 6 2.496977081784868 4.971040544151952
531 6 3.71663593925725 1.32545002366012
532 6 2.596874361008908 6.336155638357903
533 6.000000000000001 5.146305011433959 10.61132910426937
534 6 1.195778782042348 4.803153824143724
535 6 4.80874028421086 2.153803810252692
536 6 1.183890927001441 2.1256655375397
537 6 1.096922083986686 9.900582951950062
538 6 1.001820883685876 7.7560138635409
539 6 2.468998391590883 3.718227738485965
540 6 3.255627801649039 9.254311738602762
541 6 4.675620985783226 8.6784346548946
542 5.999999999999999 0.9228202885868528 10.82097703387302
543 6 1.643450967857768 10.51083887153228
544 6 3.215467964518262 12.06973283394968
545 6 2.777625628385388 12.05774645488402
546 6 1.065991138507091 11.80406135377965
547 6 2.55080772634204 7.317555941289467
548 6 0.9037399602894651 8.968823847251764
549 6 3.809725730787003 8.974771947334412
550 6.000000000000001 2.126008042585753 12.0666934300199
551 6 3.741944549622899 12.15847486375695
552 6 1.805227742496766 7.106561277306448
553 6 2.438797152999884 2.430132735051299
554 5.999999999999999 5.086067850633734 9.54073380189487
555 6 1.698442672857036 8.628954923373534
556 6.000000000000001 4.98576797672755 0.9939421514322352
557 6 1.062500193187629 1.03631625255482
558 6 4.119396085069235 11.67194262079862
559 6 5.043927132058255 11.69115450395493
560 6 3.892478225588202 6.499607033315812
561 6 4.175511370465922 7.172099749522727
562 5 2.785591295405848 9.204117398549663
563 5 3.000000000000001 1.30991208016938
564 5 3.840049944360906 3.522379604511324
565 5 2.082921303421495 6.28982504336687
566 5 3.885697416083964 7.702938386319278
567 5 2.064515379043398 9.363771643229491
568 5 2.483963271435879 8.55321955690966
569 5 3.922479326486676 6.325438060377815
570 5 3.2608497387509 8.705357751313541
571 5 2.178347178794985 3.519086538333882
572 5 3.856673881951156 4.936107711218725
573 5 2.155026055083516 4.919438524720016
574 5 1.714171298147743 11.93255803000384
575 5 4.333333333333334 12.04308770458633
576 5 2.065429477405247 7.695440348745885
577 5 2.023523124115905 2.142214002881401
578 5 3.979543063076743 2.142762847244306
579 5 3.269957876882744 9.307123569149359
580 5 4.026973935685973 9.237020274899827
581 5 2.749999999999999 12.2322052820387
582 5 1.850480947161678 10.19665202738583
583 5 4.184915147872669 10.2838776235513
584 5 2.958697300525511 7.91903899633338
585 5 3.337431903350469 12.08364612676515
586 5 4.1036496962412 11.19318783018693
587 5 1.912930449061883 11.15363677603735
588 5 4.017572876149809 8.489750477307577
589 5 2.985870803987147 6.926559372386233
590 5 1.962791565900449 0.983732748092872
591 5 4.037208434099552 0.983732748092872
592 5 2.999999999999988 5.626675399174167
593 5 3.005016176698426 4.224519044273477
594 5 3.004413247841161 2.810145686235627
595 5 1.732782957586068 8.697654041124139
596 5 3.770492850085677 12.14134280798687
$EndNodes
$Elements
1738
1 2 2 74 5 22 65 17
2 2 2 74 5 17 70 22
3 2 2 74 5 18 67 21
4 2 2 74 5 74 18 21
5 2 2 74 5 24 68 19
6 2 2 74 5 19 73 24
7 2 2 74 5 71 20 23
8 2 2 74 5 23 20 76
9 2 2 74 5 67 77 21
10 2 2 74 5 80 74 21
11 2 2 74 5 22 78 65
12 2 2 74 5 22 70 83
13 2 2 74 5 82 71 23
14 2 2 74 5 23 76 79
15 2 2 74 5 84 68 24
16 2 2 74 5 24 73 81
17 2 2 74 5 65 78 66
18 2 2 74 5 66 77 67
19 2 2 74 5 66 78 77
20 2 2 74 5 69 68 84
21 2 2 74 5 83 70 69
22 2 2 74 5 83 69 84
23 2 2 74 5 82 72 71
24 2 2 74 5 81 73 72
25 2 2 74 5 81 72 82
26 2 2 74 5 80 75 74
27 2 2 74 5 79 76 75
28 2 2 74 5 79 75 80
29 2 2 73 11 103 46 41
30 2 2 73 11 41 46 114
31 2 2 73 11 45 105 42
32 2 2 73 11 106 45 42
33 2 2 73 11 48 108 43
34 2 2 73 11 43 109 48
35 2 2 73 11 47 111 44
36 2 2 73 11 47 44 112
37 2 2 73 11 115 105 45
38 2 2 73 11 122 45 106
39 2 2 73 11 116 46 103
40 2 2 73 11 114 46 117
41 2 2 73 11 119 111 47
42 2 2 73 11 118 47 112
43 2 2 73 11 121 108 48
44 2 2 73 11 48 109 120
45 2 2 73 11 103 104 116
46 2 2 73 11 104 105 115
47 2 2 73 11 116 104 115
48 2 2 73 11 106 107 122
49 2 2 73 11 107 108 121
50 2 2 73 11 122 107 121
51 2 2 73 11 109 110 120
52 2 2 73 11 110 111 119
53 2 2 73 11 120 110 119
54 2 2 73 11 118 112 113
55 2 2 73 11 117 113 114
56 2 2 73 11 118 113 117
57 4 2 75 1 206 207 205 267
58 4 2 75 1 220 218 489 219
59 4 2 75 1 437 217 218 220
60 4 2 75 1 214 415 216 450
61 4 2 75 1 289 207 206 267
62 4 2 75 1 398 225 227 226
63 4 2 75 1 212 506 562 210
64 4 2 75 1 231 271 230 229
65 4 2 75 1 415 216 215 214
66 4 2 75 1 210 506 562 540
67 4 2 75 1 415 484 216 450
68 4 2 75 1 359 324 202 393
69 4 2 75 1 506 212 209 210
70 4 2 75 1 212 211 210 579
71 4 2 75 1 305 208 206 207
72 4 2 75 1 222 544 221 224
73 4 2 75 1 289 206 233 267
74 4 2 75 1 544 222 581 224
75 4 2 75 1 213 214 216 450
76 4 2 75 1 579 210 562 540
77 4 2 75 1 271 230 307 231
78 4 2 75 1 201 204 202 341
79 4 2 75 1 450 456 455 431
80 4 2 75 1 238 233 239 305
81 4 2 75 1 364 359 365 324
82 4 2 75 1 506 511 562 512
83 4 2 75 1 224 581 544 585
84 4 2 75 1 450 214 415 431
85 4 2 75 1 218 433 220 489
86 4 2 75 1 233 305 206 289
87 4 2 75 1 307 311 271 231
88 4 2 75 1 437 218 488 433
89 4 2 75 1 513 562 506 540
90 4 2 75 1 359 324 393 366
91 4 2 75 1 207 206 305 289
92 4 2 75 1 398 397 226 343
93 4 2 75 1 545 222 581 544
94 4 2 75 1 433 218 488 489
95 4 2 75 1 210 562 212 579
96 4 2 75 1 307 272 230 271
97 4 2 75 1 457 484 415 450
98 4 2 75 1 267 233 289 240
99 4 2 75 1 222 223 581 224
100 4 2 75 1 324 359 365 366
101 4 2 75 1 512 562 506 513
102 4 2 75 1 433 437 218 220
103 4 2 75 1 330 364 365 324
104 4 2 75 1 568 562 511 512
105 4 2 75 1 457 415 484 494
106 4 2 75 1 267 289 277 240
107 4 2 75 1 489 87 220 219
108 4 2 75 1 307 230 232 231
109 4 2 75 1 226 228 227 343
110 4 2 75 1 231 102 271 229
111 4 2 75 1 225 227 94 398
112 4 2 75 1 205 207 54 267
113 4 2 75 1 431 450 456 423
114 4 2 75 1 305 233 239 297
115 4 2 75 1 511 562 60 506
116 4 2 75 1 359 364 49 324
117 4 2 75 1 568 562 512 513
118 4 2 75 1 365 330 324 366
119 4 2 75 1 49 359 202 203
120 4 2 75 1 562 570 579 540
121 4 2 75 1 332 324 393 341
122 4 2 75 1 450 455 61 431
123 4 2 75 1 238 56 233 305
124 4 2 75 1 544 221 224 92
125 4 2 75 1 431 415 450 423
126 4 2 75 1 297 305 233 289
127 4 2 75 1 63 415 216 215
128 4 2 75 1 88 217 437 220
129 4 2 75 1 60 506 212 209
130 4 2 75 1 431 456 455 423
131 4 2 75 1 305 239 238 297
132 4 2 75 1 488 496 437 115
133 4 2 75 1 117 551 544 585
134 4 2 75 1 92 224 544 585
135 4 2 75 1 102 271 311 231
136 4 2 75 1 278 119 311 271
137 4 2 75 1 61 214 213 450
138 4 2 75 1 570 579 540 549
139 4 2 75 1 393 403 332 341
140 4 2 75 1 324 330 364 329
141 4 2 75 1 568 562 567 511
142 4 2 75 1 330 365 367 366
143 4 2 75 1 512 514 568 513
144 4 2 75 1 484 415 63 494
145 4 2 75 1 277 54 289 267
146 4 2 75 1 488 85 218 437
147 4 2 75 1 421 415 457 494
148 4 2 75 1 289 295 277 240
149 4 2 75 1 415 457 450 423
150 4 2 75 1 233 297 289 240
151 4 2 75 1 217 218 85 437
152 4 2 75 1 540 579 58 549
153 4 2 75 1 403 393 51 341
154 4 2 75 1 210 211 58 579
155 4 2 75 1 208 56 305 206
156 4 2 75 1 570 562 513 540
157 4 2 75 1 324 393 366 332
158 4 2 75 1 227 347 94 398
159 4 2 75 1 459 421 436 458
160 4 2 75 1 466 456 458 419
161 4 2 75 1 249 293 239 241
162 4 2 75 1 311 278 271 102
163 4 2 75 1 311 323 278 102
164 4 2 75 1 365 367 375 330
165 4 2 75 1 568 514 512 522
166 4 2 75 1 213 216 62 450
167 4 2 75 1 53 206 205 267
168 4 2 75 1 488 496 85 437
169 4 2 75 1 551 92 544 585
170 4 2 75 1 496 85 437 449
171 4 2 75 1 92 551 596 585
172 4 2 75 1 499 466 482 440
173 4 2 75 1 282 249 265 314
174 4 2 75 1 330 367 375 346
175 4 2 75 1 514 568 584 522
176 4 2 75 1 323 119 311 278
177 4 2 75 1 487 190 438 464
178 4 2 75 1 247 123 270 312
179 4 2 75 1 115 496 437 449
180 4 2 75 1 117 596 551 585
181 4 2 75 1 464 438 487 188
182 4 2 75 1 247 270 150 312
183 4 2 75 1 440 456 466 419
184 4 2 75 1 293 249 239 314
185 4 2 75 1 63 415 484 216
186 4 2 75 1 423 458 456 419
187 4 2 75 1 293 239 241 297
188 4 2 75 1 289 54 207 267
189 4 2 75 1 51 204 201 341
190 4 2 75 1 506 562 60 212
191 4 2 75 1 514 570 513 515
192 4 2 75 1 368 367 366 332
193 4 2 75 1 282 238 239 314
194 4 2 75 1 499 455 456 440
195 4 2 75 1 514 584 570 515
196 4 2 75 1 346 367 368 332
197 4 2 75 1 459 457 421 458
198 4 2 75 1 549 513 588 515
199 4 2 75 1 366 403 368 350
200 4 2 75 1 190 438 189 487
201 4 2 75 1 204 51 393 341
202 4 2 75 1 440 423 456 419
203 4 2 75 1 239 293 314 297
204 4 2 75 1 478 461 467 434
205 4 2 75 1 308 250 244 261
206 4 2 75 1 396 349 168 373
207 4 2 75 1 158 520 543 587
208 4 2 75 1 375 408 365 330
209 4 2 75 1 314 238 239 306
210 4 2 75 1 440 455 456 432
211 4 2 75 1 209 57 506 210
212 4 2 75 1 520 543 587 159
213 4 2 75 1 396 170 349 373
214 4 2 75 1 547 514 584 522
215 4 2 75 1 401 375 367 346
216 4 2 75 1 111 323 301 278
217 4 2 75 1 336 358 404 108
218 4 2 75 1 428 496 105 449
219 4 2 75 1 551 114 575 596
220 4 2 75 1 562 568 570 513
221 4 2 75 1 366 330 324 332
222 4 2 75 1 49 359 324 202
223 4 2 75 1 436 458 423 419
224 4 2 75 1 297 241 293 310
225 4 2 75 1 58 210 579 540
226 4 2 75 1 170 349 169 396
227 4 2 75 1 160 587 543 159
228 4 2 75 1 468 186 187 432
229 4 2 75 1 251 148 149 306
230 4 2 75 1 468 499 186 432
231 4 2 75 1 251 282 148 306
232 4 2 75 1 350 378 368 328
233 4 2 75 1 588 566 525 515
234 4 2 75 1 56 233 305 206
235 4 2 75 1 61 214 450 431
236 4 2 75 1 187 493 186 468
237 4 2 75 1 276 148 149 251
238 4 2 75 1 511 595 568 512
239 4 2 75 1 580 541 187 518
240 4 2 75 1 371 149 394 342
241 4 2 75 1 440 466 482 419
242 4 2 75 1 249 293 265 314
243 4 2 75 1 540 513 570 549
244 4 2 75 1 403 366 393 332
245 4 2 75 1 345 376 370 387
246 4 2 75 1 523 517 583 533
247 4 2 75 1 415 421 420 494
248 4 2 75 1 289 295 294 277
249 4 2 75 1 377 329 344 369
250 4 2 75 1 567 524 516 582
251 4 2 75 1 368 148 378 350
252 4 2 75 1 588 525 186 515
253 4 2 75 1 513 588 570 549
254 4 2 75 1 366 403 350 332
255 4 2 75 1 335 327 164 362
256 4 2 75 1 459 436 465 458
257 4 2 75 1 241 310 242 248
258 4 2 75 1 573 509 565 154
259 4 2 75 1 438 435 487 188
260 4 2 75 1 270 309 150 312
261 4 2 75 1 367 330 366 332
262 4 2 75 1 570 568 514 513
263 4 2 75 1 458 436 465 492
264 4 2 75 1 310 241 275 248
265 4 2 75 1 402 377 357 167
266 4 2 75 1 548 524 595 157
267 4 2 75 1 552 576 547 565
268 4 2 75 1 583 199 523 586
269 4 2 75 1 345 348 97 376
270 4 2 75 1 423 455 431 432
271 4 2 75 1 238 306 305 297
272 4 2 75 1 406 401 327 338
273 4 2 75 1 582 158 543 587
274 4 2 75 1 344 349 168 396
275 4 2 75 1 297 233 239 240
276 4 2 75 1 450 457 456 423
277 4 2 75 1 92 523 199 586
278 4 2 75 1 96 97 348 376
279 4 2 75 1 295 297 310 240
280 4 2 75 1 438 435 189 487
281 4 2 75 1 94 347 122 398
282 4 2 75 1 215 64 415 214
283 4 2 75 1 148 276 282 251
284 4 2 75 1 499 186 493 468
285 4 2 75 1 581 223 222 90
286 4 2 75 1 107 404 121 108
287 4 2 75 1 278 111 119 110
288 4 2 75 1 114 551 113 117
289 4 2 75 1 496 104 105 115
290 4 2 75 1 575 558 551 596
291 4 2 75 1 428 501 496 449
292 4 2 75 1 336 404 358 410
293 4 2 75 1 284 301 323 278
294 4 2 75 1 567 524 511 516
295 4 2 75 1 377 364 329 369
296 4 2 75 1 423 456 455 432
297 4 2 75 1 306 238 239 297
298 4 2 75 1 308 250 313 142
299 4 2 75 1 467 168 478 434
300 4 2 75 1 261 308 250 158
301 4 2 75 1 297 241 310 240
302 4 2 75 1 434 467 168 439
303 4 2 75 1 313 250 308 158
304 4 2 75 1 468 187 460 432
305 4 2 75 1 149 251 306 243
306 4 2 75 1 211 212 59 579
307 4 2 75 1 208 305 55 207
308 4 2 75 1 330 367 346 332
309 4 2 75 1 514 584 568 570
310 4 2 75 1 492 458 436 419
311 4 2 75 1 241 275 293 310
312 4 2 75 1 421 457 459 494
313 4 2 75 1 295 242 277 240
314 4 2 75 1 325 340 356 389
315 4 2 75 1 346 367 401 374
316 4 2 75 1 186 541 588 515
317 4 2 75 1 368 394 148 350
318 4 2 75 1 584 514 547 521
319 4 2 75 1 482 186 499 440
320 4 2 75 1 282 265 148 314
321 4 2 75 1 324 364 49 329
322 4 2 75 1 567 562 60 511
323 4 2 75 1 157 537 524 516
324 4 2 75 1 481 187 460 468
325 4 2 75 1 251 149 264 243
326 4 2 75 1 167 390 377 369
327 4 2 75 1 433 87 489 495
328 4 2 75 1 90 581 550 545
329 4 2 75 1 467 179 85 439
330 4 2 75 1 113 544 581 585
331 4 2 75 1 437 488 104 433
332 4 2 75 1 343 397 404 121
333 4 2 75 1 513 570 588 515
334 4 2 75 1 350 368 366 332
335 4 2 75 1 455 468 460 432
336 4 2 75 1 306 251 238 243
337 4 2 75 1 524 555 595 511
338 4 2 75 1 408 377 364 357
339 4 2 75 1 307 311 110 271
340 4 2 75 1 376 345 348 150
341 4 2 75 1 523 583 586 188
342 4 2 75 1 584 514 566 515
343 4 2 75 1 367 346 368 328
344 4 2 75 1 172 388 171 476
345 4 2 75 1 385 125 262 126
346 4 2 75 1 134 259 536 133
347 4 2 75 1 499 468 455 432
348 4 2 75 1 238 282 251 306
349 4 2 75 1 376 345 150 387
350 4 2 75 1 188 523 583 533
351 4 2 75 1 479 192 535 191
352 4 2 75 1 458 456 457 423
353 4 2 75 1 297 239 241 240
354 4 2 75 1 541 554 187 518
355 4 2 75 1 394 407 149 371
356 4 2 75 1 539 573 571 153
357 4 2 75 1 583 517 58 518
358 4 2 75 1 51 345 370 371
359 4 2 75 1 524 595 567 511
360 4 2 75 1 377 364 357 329
361 4 2 75 1 410 376 348 150
362 4 2 75 1 558 523 586 188
363 4 2 75 1 381 356 340 389
364 4 2 75 1 375 408 338 166
365 4 2 75 1 415 421 457 423
366 4 2 75 1 295 289 297 240
367 4 2 75 1 190 87 438 464
368 4 2 75 1 247 100 123 312
369 4 2 75 1 418 429 465 505
370 4 2 75 1 288 248 303 292
371 4 2 75 1 563 578 594 553
372 4 2 75 1 543 542 158 582
373 4 2 75 1 344 168 395 396
374 4 2 75 1 524 567 595 157
375 4 2 75 1 329 357 377 167
376 4 2 75 1 157 542 543 582
377 4 2 75 1 344 395 167 396
378 4 2 75 1 296 293 280 275
379 4 2 75 1 419 492 497 422
380 4 2 75 1 536 259 151 133
381 4 2 75 1 388 161 171 476
382 4 2 75 1 385 125 143 262
383 4 2 75 1 511 555 595 512
384 4 2 75 1 464 427 438 188
385 4 2 75 1 302 247 150 312
386 4 2 75 1 154 573 509 534
387 4 2 75 1 99 230 271 229
388 4 2 75 1 424 417 483 183
389 4 2 75 1 145 291 298 266
390 4 2 75 1 216 484 62 450
391 4 2 75 1 374 414 331 328
392 4 2 75 1 408 375 391 166
393 4 2 75 1 555 522 538 156
394 4 2 75 1 537 542 157 261
395 4 2 75 1 478 395 390 167
396 4 2 75 1 533 187 486 481
397 4 2 75 1 149 264 269 387
398 4 2 75 1 237 320 254 153
399 4 2 75 1 471 163 454 446
400 4 2 75 1 404 96 358 410
401 4 2 75 1 278 323 284 102
402 4 2 75 1 85 496 501 449
403 4 2 75 1 92 551 558 596
404 4 2 75 1 521 566 561 569
405 4 2 75 1 335 164 386 362
406 4 2 75 1 115 105 496 449
407 4 2 75 1 551 114 596 117
408 4 2 75 1 111 119 323 278
409 4 2 75 1 358 121 404 108
410 4 2 75 1 338 401 327 351
411 4 2 75 1 576 589 547 565
412 4 2 75 1 452 193 510 192
413 4 2 75 1 96 228 226 343
414 4 2 75 1 100 230 232 307
415 4 2 75 1 404 96 343 358
416 4 2 75 1 179 467 461 434
417 4 2 75 1 250 244 141 308
418 4 2 75 1 583 200 199 586
419 4 2 75 1 262 144 385 126
420 4 2 75 1 485 445 462 498
421 4 2 75 1 319 245 268 281
422 4 2 75 1 410 348 336 150
423 4 2 75 1 575 558 586 188
424 4 2 75 1 87 220 433 489
425 4 2 75 1 97 98 348 345
426 4 2 75 1 479 535 181 191
427 4 2 75 1 376 348 96 410
428 4 2 75 1 92 558 523 586
429 4 2 75 1 537 542 261 139
430 4 2 75 1 131 269 264 387
431 4 2 75 1 395 177 478 390
432 4 2 75 1 486 197 533 481
433 4 2 75 1 349 344 169 396
434 4 2 75 1 543 582 587 160
435 4 2 75 1 107 397 398 343
436 4 2 75 1 350 148 378 328
437 4 2 75 1 566 525 186 588
438 4 2 75 1 429 421 436 459
439 4 2 75 1 242 310 295 303
440 4 2 75 1 313 284 250 158
441 4 2 75 1 467 501 168 439
442 4 2 75 1 344 167 377 369
443 4 2 75 1 516 524 157 582
444 4 2 75 1 528 594 578 553
445 4 2 75 1 445 420 462 167
446 4 2 75 1 319 294 245 157
447 4 2 75 1 333 335 163 392
448 4 2 75 1 309 270 243 123
449 4 2 75 1 159 587 520 90
450 4 2 75 1 373 170 349 94
451 4 2 75 1 523 517 199 583
452 4 2 75 1 436 444 465 492
453 4 2 75 1 248 275 310 318
454 4 2 75 1 97 345 376 370
455 4 2 75 1 158 520 587 574
456 4 2 75 1 337 168 349 373
457 4 2 75 1 498 445 462 167
458 4 2 75 1 245 319 157 281
459 4 2 75 1 193 510 183 452
460 4 2 75 1 395 390 167 396
461 4 2 75 1 157 542 537 543
462 4 2 75 1 269 264 149 270
463 4 2 75 1 486 187 487 481
464 4 2 75 1 390 177 478 167
465 4 2 75 1 261 157 537 139
466 4 2 75 1 141 250 308 142
467 4 2 75 1 453 422 424 184
468 4 2 75 1 236 298 146 296
469 4 2 75 1 127 363 145 235
470 4 2 75 1 110 272 307 271
471 4 2 75 1 398 225 226 93
472 4 2 75 1 331 413 414 374
473 4 2 75 1 363 127 126 235
474 4 2 75 1 172 454 173 361
475 4 2 75 1 440 482 186 419
476 4 2 75 1 293 148 265 314
477 4 2 75 1 96 397 404 343
478 4 2 75 1 552 547 532 565
479 4 2 75 1 527 564 183 510
480 4 2 75 1 527 564 572 183
481 4 2 75 1 487 435 187 486
482 4 2 75 1 309 269 149 270
483 4 2 75 1 489 116 433 495
484 4 2 75 1 550 581 118 545
485 4 2 75 1 206 53 233 267
486 4 2 75 1 224 223 581 91
487 4 2 75 1 339 162 361 333
488 4 2 75 1 442 473 164 418
489 4 2 75 1 292 256 316 154
490 4 2 75 1 221 544 222 89
491 4 2 75 1 282 239 249 314
492 4 2 75 1 466 499 456 440
493 4 2 75 1 210 57 506 540
494 4 2 75 1 346 367 374 328
495 4 2 75 1 90 222 581 545
496 4 2 75 1 414 147 331 328
497 4 2 75 1 163 471 425 446
498 4 2 75 1 299 254 320 153
499 4 2 75 1 566 185 561 569
500 4 2 75 1 570 584 566 515
501 4 2 75 1 368 346 332 328
502 4 2 75 1 560 532 589 569
503 4 2 75 1 218 489 219 86
504 4 2 75 1 334 326 145 380
505 4 2 75 1 566 514 584 521
506 4 2 75 1 384 401 327 406
507 4 2 75 1 201 202 52 341
508 4 2 75 1 521 561 560 569
509 4 2 75 1 418 473 164 451
510 4 2 75 1 256 292 234 154
511 4 2 75 1 326 363 145 380
512 4 2 75 1 544 113 117 585
513 4 2 75 1 437 104 488 115
514 4 2 75 1 439 501 168 428
515 4 2 75 1 284 313 301 158
516 4 2 75 1 121 404 343 358
517 4 2 75 1 431 455 61 432
518 4 2 75 1 56 238 306 305
519 4 2 75 1 292 303 288 155
520 4 2 75 1 418 429 505 165
521 4 2 75 1 183 526 527 510
522 4 2 75 1 578 563 531 553
523 4 2 75 1 544 581 545 113
524 4 2 75 1 433 488 104 489
525 4 2 75 1 566 588 570 515
526 4 2 75 1 332 350 368 328
527 4 2 75 1 535 192 479 182
528 4 2 75 1 577 553 571 152
529 4 2 75 1 419 444 492 422
530 4 2 75 1 275 296 293 318
531 4 2 75 1 313 284 102 250
532 4 2 75 1 501 467 85 439
533 4 2 75 1 110 311 119 271
534 4 2 75 1 338 330 375 346
535 4 2 75 1 576 584 568 522
536 4 2 75 1 363 379 145 380
537 4 2 75 1 425 447 473 442
538 4 2 75 1 299 321 256 316
539 4 2 75 1 351 384 331 413
540 4 2 75 1 526 527 572 183
541 4 2 75 1 294 54 289 277
542 4 2 75 1 420 63 415 494
543 4 2 75 1 396 168 395 373
544 4 2 75 1 520 542 158 543
545 4 2 75 1 188 487 464 486
546 4 2 75 1 270 150 269 247
547 4 2 75 1 466 458 492 419
548 4 2 75 1 293 249 275 241
549 4 2 75 1 144 385 143 262
550 4 2 75 1 149 370 345 371
551 4 2 75 1 334 145 379 380
552 4 2 75 1 517 583 187 518
553 4 2 75 1 327 335 383 362
554 4 2 75 1 192 510 452 182
555 4 2 75 1 135 237 508 134
556 4 2 75 1 471 470 163 442
557 4 2 75 1 153 316 254 253
558 4 2 75 1 226 397 96 343
559 4 2 75 1 100 124 123 312
560 4 2 75 1 438 189 87 190
561 4 2 75 1 565 530 509 573
562 4 2 75 1 389 356 325 400
563 4 2 75 1 436 444 492 419
564 4 2 75 1 310 275 293 318
565 4 2 75 1 87 427 438 464
566 4 2 75 1 100 247 302 312
567 4 2 75 1 572 569 529 184
568 4 2 75 1 150 269 309 270
569 4 2 75 1 435 487 188 486
570 4 2 75 1 456 423 440 432
571 4 2 75 1 306 239 314 297
572 4 2 75 1 282 238 314 306
573 4 2 75 1 440 499 455 432
574 4 2 75 1 351 346 401 374
575 4 2 75 1 560 532 569 592
576 4 2 75 1 531 528 578 553
577 4 2 75 1 547 589 584 521
578 4 2 75 1 162 388 172 476
579 4 2 75 1 134 259 152 536
580 4 2 75 1 334 146 331 382
581 4 2 75 1 569 507 529 184
582 4 2 75 1 504 418 465 505
583 4 2 75 1 248 288 287 292
584 4 2 75 1 491 182 417 430
585 4 2 75 1 274 144 291 304
586 4 2 75 1 146 331 382 360
587 4 2 75 1 200 92 199 586
588 4 2 75 1 107 398 347 343
589 4 2 75 1 96 97 98 348
590 4 2 75 1 425 471 472 446
591 4 2 75 1 299 254 255 320
592 4 2 75 1 569 532 589 592
593 4 2 75 1 477 424 483 183
594 4 2 75 1 298 260 145 266
595 4 2 75 1 469 429 459 166
596 4 2 75 1 252 303 242 156
597 4 2 75 1 318 292 287 321
598 4 2 75 1 447 418 444 504
599 4 2 75 1 354 331 384 413
600 4 2 75 1 167 377 329 344
601 4 2 75 1 524 567 157 582
602 4 2 75 1 17 22 503 409
603 4 2 75 1 21 18 283 412
604 4 2 75 1 23 20 557 286
605 4 2 75 1 384 382 354 413
606 4 2 75 1 417 483 183 452
607 4 2 75 1 145 235 291 266
608 4 2 75 1 567 595 568 511
609 4 2 75 1 357 364 330 329
610 4 2 75 1 465 429 436 459
611 4 2 75 1 248 310 242 303
612 4 2 75 1 344 170 396 369
613 4 2 75 1 582 543 516 159
614 4 2 75 1 114 575 596 117
615 4 2 75 1 105 115 428 449
616 4 2 75 1 323 301 119 111
617 4 2 75 1 121 358 336 108
618 4 2 75 1 425 473 471 442
619 4 2 75 1 254 299 256 316
620 4 2 75 1 230 100 272 307
621 4 2 75 1 153 539 573 534
622 4 2 75 1 532 560 529 592
623 4 2 75 1 120 272 100 307
624 4 2 75 1 19 24 556 500
625 4 2 75 1 400 339 361 333
626 4 2 75 1 435 460 487 481
627 4 2 75 1 270 264 309 243
628 4 2 75 1 314 148 282 306
629 4 2 75 1 440 186 499 432
630 4 2 75 1 126 144 363 235
631 4 2 75 1 482 466 497 419
632 4 2 75 1 265 293 249 280
633 4 2 75 1 291 235 144 274
634 4 2 75 1 182 417 452 491
635 4 2 75 1 547 584 576 522
636 4 2 75 1 526 529 507 184
637 4 2 75 1 375 401 338 346
638 4 2 75 1 331 354 384 351
639 4 2 75 1 382 379 146 360
640 4 2 75 1 473 470 164 451
641 4 2 75 1 234 256 154 253
642 4 2 75 1 580 583 58 518
643 4 2 75 1 349 337 373 94
644 4 2 75 1 520 587 574 90
645 4 2 75 1 51 345 371 342
646 4 2 75 1 459 445 421 494
647 4 2 75 1 319 295 242 277
648 4 2 75 1 336 358 96 410
649 4 2 75 1 284 323 301 102
650 4 2 75 1 575 92 558 596
651 4 2 75 1 428 85 501 449
652 4 2 75 1 318 287 258 321
653 4 2 75 1 444 447 504 475
654 4 2 75 1 454 173 361 163
655 4 2 75 1 381 356 389 400
656 4 2 75 1 255 320 237 152
657 4 2 75 1 454 162 472 446
658 4 2 75 1 577 553 152 536
659 4 2 75 1 347 122 398 107
660 4 2 75 1 368 374 367 328
661 4 2 75 1 461 478 167 434
662 4 2 75 1 157 308 244 261
663 4 2 75 1 170 169 349 94
664 4 2 75 1 159 160 587 90
665 4 2 75 1 579 570 580 549
666 4 2 75 1 403 342 332 341
667 4 2 75 1 83 70 448 480
668 4 2 75 1 76 322 79 263
669 4 2 75 1 475 422 474 453
670 4 2 75 1 379 146 334 382
671 4 2 75 1 514 566 515 521
672 4 2 75 1 371 394 403 342
673 4 2 75 1 526 572 529 184
674 4 2 75 1 541 580 549 518
675 4 2 75 1 452 510 183 182
676 4 2 75 1 429 445 459 166
677 4 2 75 1 303 319 242 156
678 4 2 75 1 122 405 94 398
679 4 2 75 1 279 272 100 120
680 4 2 75 1 554 493 196 541
681 4 2 75 1 485 176 402 498
682 4 2 75 1 548 268 138 281
683 4 2 75 1 407 394 276 130
684 4 2 75 1 493 196 541 186
685 4 2 75 1 176 402 166 485
686 4 2 75 1 156 268 138 548
687 4 2 75 1 394 148 276 130
688 4 2 75 1 145 363 144 235
689 4 2 75 1 258 298 296 321
690 4 2 75 1 335 386 163 392
691 4 2 75 1 153 571 539 508
692 4 2 75 1 331 354 382 413
693 4 2 75 1 554 493 541 186
694 4 2 75 1 479 535 182 181
695 4 2 75 1 485 402 166 498
696 4 2 75 1 548 156 268 281
697 4 2 75 1 407 394 148 276
698 4 2 75 1 408 377 357 402
699 4 2 75 1 595 555 524 548
700 4 2 75 1 149 345 370 387
701 4 2 75 1 186 541 187 580
702 4 2 75 1 148 394 149 342
703 4 2 75 1 418 429 444 465
704 4 2 75 1 248 303 292 318
705 4 2 75 1 187 583 517 533
706 4 2 75 1 187 481 493 468
707 4 2 75 1 390 377 402 167
708 4 2 75 1 537 524 548 157
709 4 2 75 1 276 149 264 251
710 4 2 75 1 42 45 399 502
711 4 2 75 1 490 41 46 559
712 4 2 75 1 48 43 411 273
713 4 2 75 1 47 44 285 546
714 4 2 75 1 477 453 424 184
715 4 2 75 1 298 146 260 236
716 4 2 75 1 166 459 469 485
717 4 2 75 1 268 252 242 156
718 4 2 75 1 394 148 378 368
719 4 2 75 1 541 186 525 515
720 4 2 75 1 425 471 163 442
721 4 2 75 1 254 299 316 153
722 4 2 75 1 547 589 532 565
723 4 2 75 1 408 357 338 166
724 4 2 75 1 483 477 183 452
725 4 2 75 1 235 145 260 266
726 4 2 75 1 155 576 552 565
727 4 2 75 1 259 152 536 151
728 4 2 75 1 470 163 454 471
729 4 2 75 1 254 237 153 253
730 4 2 75 1 388 162 161 476
731 4 2 75 1 327 401 384 351
732 4 2 75 1 327 406 338 165
733 4 2 75 1 472 441 162 476
734 4 2 75 1 315 255 259 152
735 4 2 75 1 180 85 179 439
736 4 2 75 1 497 185 482 419
737 4 2 75 1 293 265 147 280
738 4 2 75 1 309 149 264 270
739 4 2 75 1 187 435 487 481
740 4 2 75 1 569 529 560 592
741 4 2 75 1 164 470 473 442
742 4 2 75 1 154 256 316 253
743 4 2 75 1 163 361 333 392
744 4 2 75 1 342 394 403 350
745 4 2 75 1 580 588 541 549
746 4 2 75 1 368 403 394 350
747 4 2 75 1 549 588 541 515
748 4 2 75 1 170 169 344 396
749 4 2 75 1 543 582 160 159
750 4 2 75 1 538 522 576 156
751 4 2 75 1 391 375 338 166
752 4 2 75 1 534 136 253 135
753 4 2 75 1 422 424 474 453
754 4 2 75 1 243 56 309 123
755 4 2 75 1 508 571 553 152
756 4 2 75 1 504 465 444 475
757 4 2 75 1 258 248 287 318
758 4 2 75 1 308 244 54 245
759 4 2 75 1 461 462 63 434
760 4 2 75 1 441 426 416 480
761 4 2 75 1 300 290 315 263
762 4 2 75 1 378 414 368 328
763 4 2 75 1 580 58 579 549
764 4 2 75 1 342 403 51 341
765 4 2 75 1 373 337 399 405
766 4 2 75 1 546 550 520 574
767 4 2 75 1 427 464 495 490
768 4 2 75 1 247 273 279 302
769 4 2 75 1 168 167 478 434
770 4 2 75 1 261 157 308 158
771 4 2 75 1 515 566 525 561
772 4 2 75 1 530 509 532 565
773 4 2 75 1 471 454 472 446
774 4 2 75 1 320 254 255 237
775 4 2 75 1 325 372 353 78
776 4 2 75 1 478 395 167 168
777 4 2 75 1 149 269 150 387
778 4 2 75 1 533 187 188 486
779 4 2 75 1 542 157 261 158
780 4 2 75 1 501 467 179 85
781 4 2 75 1 523 558 92 199
782 4 2 75 1 96 97 376 410
783 4 2 75 1 141 102 284 250
784 4 2 75 1 372 325 66 78
785 4 2 75 1 381 326 144 340
786 4 2 75 1 246 143 262 304
787 4 2 75 1 463 181 479 430
788 4 2 75 1 166 445 459 485
789 4 2 75 1 268 242 319 156
790 4 2 75 1 543 516 537 582
791 4 2 75 1 390 344 396 369
792 4 2 75 1 153 237 508 135
793 4 2 75 1 372 339 161 388
794 4 2 75 1 149 150 345 387
795 4 2 75 1 296 293 147 280
796 4 2 75 1 419 497 185 422
797 4 2 75 1 187 188 583 533
798 4 2 75 1 195 507 453 194
799 4 2 75 1 327 383 384 362
800 4 2 75 1 245 308 244 157
801 4 2 75 1 461 167 462 434
802 4 2 75 1 454 172 162 361
803 4 2 75 1 136 253 154 534
804 4 2 75 1 174 451 175 362
805 4 2 75 1 128 129 236 360
806 4 2 75 1 120 109 279 110
807 4 2 75 1 122 106 405 107
808 4 2 75 1 112 550 118 113
809 4 2 75 1 104 116 495 103
810 4 2 75 1 576 589 584 547
811 4 2 75 1 374 331 351 328
812 4 2 75 1 401 338 346 351
813 4 2 75 1 144 363 326 381
814 4 2 75 1 580 187 583 518
815 4 2 75 1 137 234 509 136
816 4 2 75 1 345 149 371 342
817 4 2 75 1 426 472 162 446
818 4 2 75 1 320 255 300 152
819 4 2 75 1 563 81 591 531
820 4 2 75 1 199 517 58 583
821 4 2 75 1 182 510 564 528
822 4 2 75 1 405 373 337 94
823 4 2 75 1 464 87 427 495
824 4 2 75 1 550 520 574 90
825 4 2 75 1 247 279 100 302
826 4 2 75 1 521 589 566 569
827 4 2 75 1 304 246 143 317
828 4 2 75 1 430 463 181 443
829 4 2 75 1 536 577 519 151
830 4 2 75 1 182 535 510 528
831 4 2 75 1 581 118 113 117
832 4 2 75 1 116 115 104 433
833 4 2 75 1 345 97 51 370
834 4 2 75 1 578 182 564 528
835 4 2 75 1 414 378 147 328
836 4 2 75 1 481 554 187 493
837 4 2 75 1 407 149 264 276
838 4 2 75 1 566 185 525 561
839 4 2 75 1 505 429 459 469
840 4 2 75 1 242 288 303 252
841 4 2 75 1 355 326 380 392
842 4 2 75 1 481 197 554 493
843 4 2 75 1 407 264 131 276
844 4 2 75 1 340 143 385 352
845 4 2 75 1 573 530 509 534
846 4 2 75 1 381 144 385 340
847 4 2 75 1 535 182 578 528
848 4 2 75 1 290 300 274 263
849 4 2 75 1 426 416 480 491
850 4 2 75 1 383 335 386 362
851 4 2 75 1 360 147 331 414
852 4 2 75 1 149 407 148 276
853 4 2 75 1 498 402 166 167
854 4 2 75 1 156 548 157 281
855 4 2 75 1 493 554 187 186
856 4 2 75 1 235 262 144 274
857 4 2 75 1 452 479 182 491
858 4 2 75 1 492 475 497 422
859 4 2 75 1 275 280 296 258
860 4 2 75 1 590 519 577 151
861 4 2 75 1 473 418 504 451
862 4 2 75 1 287 292 234 256
863 4 2 75 1 152 553 508 536
864 4 2 75 1 363 144 385 381
865 4 2 75 1 372 339 353 161
866 4 2 75 1 426 416 491 430
867 4 2 75 1 300 274 304 290
868 4 2 75 1 185 507 561 569
869 4 2 75 1 69 70 83 480
870 4 2 75 1 79 76 263 75
871 4 2 75 1 274 262 144 304
872 4 2 75 1 491 479 182 430
873 4 2 75 1 77 66 325 78
874 4 2 75 1 472 426 425 446
875 4 2 75 1 299 255 300 320
876 4 2 75 1 451 418 505 165
877 4 2 75 1 155 288 292 234
878 4 2 75 1 477 194 526 193
879 4 2 75 1 127 379 128 260
880 4 2 75 1 174 386 173 470
881 4 2 75 1 482 185 186 419
882 4 2 75 1 148 265 147 293
883 4 2 75 1 81 72 563 82
884 4 2 75 1 507 194 526 184
885 4 2 75 1 82 72 563 519
886 4 2 75 1 552 522 576 538
887 4 2 75 1 307 311 119 110
888 4 2 75 1 428 25 85 449
889 4 2 75 1 575 32 92 596
890 4 2 75 1 358 96 36 336
891 4 2 75 1 323 40 301 102
892 4 2 75 1 527 593 564 539
893 4 2 75 1 472 471 425 483
894 4 2 75 1 254 255 266 299
895 4 2 75 1 143 412 385 352
896 4 2 75 1 379 128 146 360
897 4 2 75 1 253 154 234 136
898 4 2 75 1 470 174 164 451
899 4 2 75 1 338 406 375 391
900 4 2 75 1 237 508 134 152
901 4 2 75 1 361 163 386 392
902 4 2 75 1 526 194 477 184
903 4 2 75 1 590 82 563 519
904 4 2 75 1 469 505 429 165
905 4 2 75 1 155 303 288 252
906 4 2 75 1 560 589 532 521
907 4 2 75 1 528 527 564 539
908 4 2 75 1 148 147 378 328
909 4 2 75 1 194 507 453 184
910 4 2 75 1 186 185 525 566
911 4 2 75 1 451 174 164 362
912 4 2 75 1 236 146 128 360
913 4 2 75 1 80 246 74 75
914 4 2 75 1 69 68 463 84
915 4 2 75 1 379 128 260 146
916 4 2 75 1 164 386 174 470
917 4 2 75 1 413 351 384 374
918 4 2 75 1 472 426 480 491
919 4 2 75 1 263 300 274 255
920 4 2 75 1 22 503 409 161
921 4 2 75 1 151 23 557 286
922 4 2 75 1 143 21 283 412
923 4 2 75 1 575 46 559 188
924 4 2 75 1 411 336 48 150
925 4 2 75 1 502 45 168 428
926 4 2 75 1 301 47 285 158
927 4 2 75 1 399 45 168 502
928 4 2 75 1 158 47 285 546
929 4 2 75 1 559 46 490 188
930 4 2 75 1 150 48 411 273
931 4 2 75 1 195 507 185 453
932 4 2 75 1 397 107 404 121
933 4 2 75 1 496 488 104 115
934 4 2 75 1 544 113 551 117
935 4 2 75 1 119 278 110 271
936 4 2 75 1 154 509 234 136
937 4 2 75 1 72 73 81 531
938 4 2 75 1 81 563 72 531
939 4 2 75 1 444 475 492 422
940 4 2 75 1 296 275 258 318
941 4 2 75 1 591 81 73 531
942 4 2 75 1 556 24 181 500
943 4 2 75 1 510 192 535 182
944 4 2 75 1 525 186 196 482
945 4 2 75 1 469 391 166 176
946 4 2 75 1 265 130 148 378
947 4 2 75 1 538 252 138 156
948 4 2 75 1 344 167 390 396
949 4 2 75 1 543 537 157 582
950 4 2 75 1 126 144 385 363
951 4 2 75 1 545 118 550 113
952 4 2 75 1 398 122 405 107
953 4 2 75 1 279 272 120 110
954 4 2 75 1 104 116 489 495
955 4 2 75 1 362 451 175 165
956 4 2 75 1 147 236 129 360
957 4 2 75 1 445 420 494 462
958 4 2 75 1 245 294 319 277
959 4 2 75 1 425 471 473 474
960 4 2 75 1 299 257 254 256
961 4 2 75 1 56 124 309 123
962 4 2 75 1 347 122 107 343
963 4 2 75 1 399 168 337 373
964 4 2 75 1 520 158 546 574
965 4 2 75 1 427 464 490 188
966 4 2 75 1 150 273 247 302
967 4 2 75 1 170 344 49 369
968 4 2 75 1 516 60 582 159
969 4 2 75 1 191 19 556 500
970 4 2 75 1 234 509 155 137
971 4 2 75 1 534 153 539 508
972 4 2 75 1 326 355 356 392
973 4 2 75 1 127 363 379 145
974 4 2 75 1 452 183 417 182
975 4 2 75 1 235 144 145 291
976 4 2 75 1 245 294 308 157
977 4 2 75 1 420 462 167 434
978 4 2 75 1 429 436 444 465
979 4 2 75 1 303 248 310 318
980 4 2 75 1 381 380 326 392
981 4 2 75 1 171 17 503 409
982 4 2 75 1 283 18 125 412
983 4 2 75 1 20 557 286 133
984 4 2 75 1 399 168 45 337
985 4 2 75 1 546 158 47 574
986 4 2 75 1 490 46 427 188
987 4 2 75 1 273 150 48 302
988 4 2 75 1 165 429 469 166
989 4 2 75 1 252 155 303 156
990 4 2 75 1 413 360 331 414
991 4 2 75 1 441 426 472 162
992 4 2 75 1 255 315 300 152
993 4 2 75 1 576 552 538 155
994 4 2 75 1 195 525 196 482
995 4 2 75 1 538 252 137 138
996 4 2 75 1 469 175 391 176
997 4 2 75 1 265 129 130 378
998 4 2 75 1 510 564 183 182
999 4 2 75 1 395 167 168 344
1000 4 2 75 1 542 157 158 582
1001 4 2 75 1 391 338 406 165
1002 4 2 75 1 263 315 300 255
1003 4 2 75 1 441 426 480 472
1004 4 2 75 1 485 166 445 498
1005 4 2 75 1 156 319 268 281
1006 4 2 75 1 470 471 473 442
1007 4 2 75 1 316 256 254 253
1008 4 2 75 1 294 308 54 245
1009 4 2 75 1 462 420 63 434
1010 4 2 75 1 260 127 379 145
1011 4 2 75 1 307 232 101 231
1012 4 2 75 1 465 444 475 492
1013 4 2 75 1 248 258 275 318
1014 4 2 75 1 578 181 535 531
1015 4 2 75 1 541 187 554 186
1016 4 2 75 1 149 407 394 148
1017 4 2 75 1 510 183 526 193
1018 4 2 75 1 183 477 526 193
1019 4 2 75 1 448 441 503 161
1020 4 2 75 1 315 322 151 286
1021 4 2 75 1 41 490 198 559
1022 4 2 75 1 178 42 399 502
1023 4 2 75 1 285 44 140 546
1024 4 2 75 1 273 43 411 132
1025 4 2 75 1 150 269 149 309
1026 4 2 75 1 187 435 188 486
1027 4 2 75 1 200 199 58 583
1028 4 2 75 1 523 558 559 188
1029 4 2 75 1 168 502 501 467
1030 4 2 75 1 285 250 284 158
1031 4 2 75 1 376 410 411 150
1032 4 2 75 1 529 560 507 569
1033 4 2 75 1 360 331 382 413
1034 4 2 75 1 561 507 560 569
1035 4 2 75 1 98 97 51 345
1036 4 2 75 1 244 54 141 308
1037 4 2 75 1 179 461 63 434
1038 4 2 75 1 578 591 181 531
1039 4 2 75 1 309 149 306 243
1040 4 2 75 1 435 460 187 432
1041 4 2 75 1 473 447 425 474
1042 4 2 75 1 257 299 321 256
1043 4 2 75 1 425 424 417 483
1044 4 2 75 1 266 291 298 299
1045 4 2 75 1 529 527 572 526
1046 4 2 75 1 144 363 145 326
1047 4 2 75 1 556 181 24 591
1048 4 2 75 1 117 113 581 585
1049 4 2 75 1 115 437 104 433
1050 4 2 75 1 588 580 570 549
1051 4 2 75 1 350 403 342 332
1052 4 2 75 1 594 564 593 539
1053 4 2 75 1 77 66 67 389
1054 4 2 75 1 379 146 145 334
1055 4 2 75 1 437 433 88 220
1056 4 2 75 1 558 575 559 188
1057 4 2 75 1 411 410 336 150
1058 4 2 75 1 285 284 301 158
1059 4 2 75 1 501 502 168 428
1060 4 2 75 1 336 96 348 410
1061 4 2 75 1 92 558 586 575
1062 4 2 75 1 67 352 77 389
1063 4 2 75 1 162 472 476 454
1064 4 2 75 1 259 255 237 152
1065 4 2 75 1 319 156 157 281
1066 4 2 75 1 498 166 445 167
1067 4 2 75 1 527 529 572 530
1068 4 2 75 1 417 426 425 483
1069 4 2 75 1 300 291 266 299
1070 4 2 75 1 357 166 402 167
1071 4 2 75 1 595 156 548 157
1072 4 2 75 1 184 526 572 183
1073 4 2 75 1 196 541 186 525
1074 4 2 75 1 176 166 469 485
1075 4 2 75 1 268 138 252 156
1076 4 2 75 1 394 148 130 378
1077 4 2 75 1 21 18 74 283
1078 4 2 75 1 71 23 20 557
1079 4 2 75 1 68 24 19 500
1080 4 2 75 1 22 17 65 409
1081 4 2 75 1 576 568 595 522
1082 4 2 75 1 382 334 379 380
1083 4 2 75 1 564 594 528 539
1084 4 2 75 1 361 162 454 163
1085 4 2 75 1 505 504 418 451
1086 4 2 75 1 288 287 292 234
1087 4 2 75 1 77 325 66 389
1088 4 2 75 1 531 563 72 519
1089 4 2 75 1 290 246 80 75
1090 4 2 75 1 463 416 69 84
1091 4 2 75 1 465 444 418 504
1092 4 2 75 1 292 287 248 318
1093 4 2 75 1 352 325 77 389
1094 4 2 75 1 455 460 61 432
1095 4 2 75 1 238 56 306 243
1096 4 2 75 1 181 182 479 430
1097 4 2 75 1 143 144 262 304
1098 4 2 75 1 412 143 21 352
1099 4 2 75 1 426 472 425 483
1100 4 2 75 1 255 300 266 299
1101 4 2 75 1 372 66 65 78
1102 4 2 75 1 534 253 153 135
1103 4 2 75 1 356 381 326 392
1104 4 2 75 1 538 155 252 156
1105 4 2 75 1 469 391 165 166
1106 4 2 75 1 147 265 148 378
1107 4 2 75 1 525 185 186 482
1108 4 2 75 1 477 526 184 183
1109 4 2 75 1 453 424 474 477
1110 4 2 75 1 257 298 260 236
1111 4 2 75 1 146 260 379 145
1112 4 2 75 1 547 532 589 521
1113 4 2 75 1 237 153 253 135
1114 4 2 75 1 342 148 394 350
1115 4 2 75 1 541 186 588 580
1116 4 2 75 1 97 96 33 410
1117 4 2 75 1 179 26 501 85
1118 4 2 75 1 102 284 37 141
1119 4 2 75 1 558 29 92 199
1120 4 2 75 1 155 538 576 156
1121 4 2 75 1 165 391 338 166
1122 4 2 75 1 321 287 258 256
1123 4 2 75 1 504 447 473 475
1124 4 2 75 1 413 331 351 374
1125 4 2 75 1 197 533 198 486
1126 4 2 75 1 478 177 395 178
1127 4 2 75 1 542 261 139 140
1128 4 2 75 1 269 131 132 387
1129 4 2 75 1 590 23 557 151
1130 4 2 75 1 500 24 181 443
1131 4 2 75 1 143 283 21 317
1132 4 2 75 1 353 22 409 161
1133 4 2 75 1 389 325 66 372
1134 4 2 75 1 511 60 567 516
1135 4 2 75 1 329 364 49 369
1136 4 2 75 1 453 507 185 184
1137 4 2 75 1 439 85 501 428
1138 4 2 75 1 301 313 284 102
1139 4 2 75 1 401 384 351 374
1140 4 2 75 1 556 24 73 591
1141 4 2 75 1 175 469 391 165
1142 4 2 75 1 129 265 147 378
1143 4 2 75 1 252 155 538 137
1144 4 2 75 1 185 525 195 482
1145 4 2 75 1 380 382 334 383
1146 4 2 75 1 259 237 134 152
1147 4 2 75 1 476 172 162 454
1148 4 2 75 1 362 164 451 165
1149 4 2 75 1 146 236 147 360
1150 4 2 75 1 521 560 589 569
1151 4 2 75 1 433 104 116 489
1152 4 2 75 1 581 118 545 113
1153 4 2 75 1 114 46 41 559
1154 4 2 75 1 502 42 45 105
1155 4 2 75 1 48 43 108 411
1156 4 2 75 1 47 44 111 285
1157 4 2 75 1 234 292 155 154
1158 4 2 75 1 164 418 451 165
1159 4 2 75 1 80 317 246 290
1160 4 2 75 1 84 463 416 443
1161 4 2 75 1 535 181 556 531
1162 4 2 75 1 351 346 374 328
1163 4 2 75 1 503 22 448 161
1164 4 2 75 1 151 322 23 286
1165 4 2 75 1 234 155 509 154
1166 4 2 75 1 585 224 581 91
1167 4 2 75 1 317 246 74 80
1168 4 2 75 1 84 68 463 443
1169 4 2 75 1 169 344 49 170
1170 4 2 75 1 160 582 60 159
1171 4 2 75 1 584 589 566 521
1172 4 2 75 1 592 530 532 565
1173 4 2 75 1 557 536 519 151
1174 4 2 75 1 67 18 21 412
1175 4 2 75 1 70 17 22 503
1176 4 2 75 1 20 23 76 286
1177 4 2 75 1 494 420 63 462
1178 4 2 75 1 245 54 294 277
1179 4 2 75 1 161 409 372 388
1180 4 2 75 1 283 143 262 246
1181 4 2 75 1 500 181 479 463
1182 4 2 75 1 23 71 590 557
1183 4 2 75 1 68 24 500 443
1184 4 2 75 1 22 65 353 409
1185 4 2 75 1 283 74 21 317
1186 4 2 75 1 517 187 554 518
1187 4 2 75 1 167 462 498 461
1188 4 2 75 1 370 149 407 371
1189 4 2 75 1 157 244 245 281
1190 4 2 75 1 212 562 59 579
1191 4 2 75 1 19 24 73 556
1192 4 2 75 1 207 305 55 289
1193 4 2 75 1 372 389 325 400
1194 4 2 75 1 352 385 340 389
1195 4 2 75 1 517 58 10 199
1196 4 2 75 1 461 63 15 179
1197 4 2 75 1 3 51 97 370
1198 4 2 75 1 141 6 54 244
1199 4 2 75 1 226 397 398 93
1200 4 2 75 1 489 218 488 86
1201 4 2 75 1 460 435 187 481
1202 4 2 75 1 309 264 149 243
1203 4 2 75 1 527 564 510 528
1204 4 2 75 1 572 593 527 530
1205 4 2 75 1 454 173 163 470
1206 4 2 75 1 544 545 222 89
1207 4 2 75 1 99 230 272 271
1208 4 2 75 1 493 197 554 196
1209 4 2 75 1 281 138 548 139
1210 4 2 75 1 498 176 402 177
1211 4 2 75 1 276 131 407 130
1212 4 2 75 1 71 72 82 519
1213 4 2 75 1 519 531 563 553
1214 4 2 75 1 331 146 147 360
1215 4 2 75 1 530 529 572 592
1216 4 2 75 1 24 68 84 443
1217 4 2 75 1 317 74 21 80
1218 4 2 75 1 569 185 507 184
1219 4 2 75 1 565 592 530 573
1220 4 2 75 1 386 163 173 470
1221 4 2 75 1 412 21 67 352
1222 4 2 75 1 416 83 448 480
1223 4 2 75 1 290 79 322 263
1224 4 2 75 1 145 260 127 235
1225 4 2 75 1 193 183 477 452
1226 4 2 75 1 382 354 334 383
1227 4 2 75 1 107 397 343 121
1228 4 2 75 1 416 83 69 84
1229 4 2 75 1 79 290 80 75
1230 4 2 75 1 356 325 400 339
1231 4 2 75 1 180 179 63 434
1232 4 2 75 1 54 141 308 142
1233 4 2 75 1 410 336 404 108
1234 4 2 75 1 551 114 558 575
1235 4 2 75 1 284 111 301 278
1236 4 2 75 1 105 501 496 428
1237 4 2 75 1 462 494 445 485
1238 4 2 75 1 277 319 245 268
1239 4 2 75 1 445 420 421 494
1240 4 2 75 1 295 319 294 277
1241 4 2 75 1 302 109 279 120
1242 4 2 75 1 106 337 122 405
1243 4 2 75 1 112 550 574 118
1244 4 2 75 1 495 116 427 103
1245 4 2 75 1 258 257 298 321
1246 4 2 75 1 274 246 290 263
1247 4 2 75 1 463 480 416 491
1248 4 2 75 1 380 326 363 381
1249 4 2 75 1 64 415 214 431
1250 4 2 75 1 153 154 253 534
1251 4 2 75 1 322 315 263 286
1252 4 2 75 1 448 441 480 503
1253 4 2 75 1 354 327 383 384
1254 4 2 75 1 556 181 535 191
1255 4 2 75 1 412 385 352 389
1256 4 2 75 1 492 497 466 419
1257 4 2 75 1 280 293 249 275
1258 4 2 75 1 307 120 272 110
1259 4 2 75 1 237 153 508 152
1260 4 2 75 1 122 107 343 121
1261 4 2 75 1 120 307 119 110
1262 4 2 75 1 591 556 181 531
1263 4 2 75 1 452 479 192 182
1264 4 2 75 1 472 480 441 476
1265 4 2 75 1 255 263 315 259
1266 4 2 75 1 525 507 185 195
1267 4 2 75 1 354 327 335 383
1268 4 2 75 1 334 355 380 383
1269 4 2 75 1 546 47 44 112
1270 4 2 75 1 45 42 399 106
1271 4 2 75 1 48 43 273 109
1272 4 2 75 1 103 41 46 490
1273 4 2 75 1 528 578 535 531
1274 4 2 75 1 535 182 181 578
1275 4 2 75 1 202 324 52 341
1276 4 2 75 1 129 147 360 378
1277 4 2 75 1 451 469 175 165
1278 4 2 75 1 155 252 234 137
1279 4 2 75 1 549 580 58 518
1280 4 2 75 1 371 403 51 342
1281 4 2 75 1 491 417 426 430
1282 4 2 75 1 291 274 304 300
1283 4 2 75 1 577 563 594 553
1284 4 2 75 1 530 572 593 592
1285 4 2 75 1 47 112 574 118
1286 4 2 75 1 337 122 45 106
1287 4 2 75 1 48 109 302 120
1288 4 2 75 1 116 46 427 103
1289 4 2 75 1 161 441 503 476
1290 4 2 75 1 151 259 315 286
1291 4 2 75 1 520 30 159 90
1292 4 2 75 1 27 87 190 464
1293 4 2 75 1 100 123 38 247
1294 4 2 75 1 34 170 373 94
1295 4 2 75 1 498 478 177 167
1296 4 2 75 1 261 281 157 139
1297 4 2 75 1 386 164 163 470
1298 4 2 75 1 554 187 517 533
1299 4 2 75 1 498 478 167 461
1300 4 2 75 1 407 149 370 387
1301 4 2 75 1 281 157 244 261
1302 4 2 75 1 385 381 340 389
1303 4 2 75 1 355 334 354 383
1304 4 2 75 1 292 287 321 256
1305 4 2 75 1 418 447 473 504
1306 4 2 75 1 274 246 304 290
1307 4 2 75 1 416 463 491 430
1308 4 2 75 1 69 83 416 480
1309 4 2 75 1 290 79 263 75
1310 4 2 75 1 517 10 58 518
1311 4 2 75 1 370 3 51 371
1312 4 2 75 1 244 6 54 245
1313 4 2 75 1 462 63 15 461
1314 4 2 75 1 126 262 144 235
1315 4 2 75 1 243 5 56 123
1316 4 2 75 1 516 9 60 159
1317 4 2 75 1 170 49 1 369
1318 4 2 75 1 190 61 13 460
1319 4 2 75 1 503 171 161 476
1320 4 2 75 1 125 143 412 385
1321 4 2 75 1 286 151 259 133
1322 4 2 75 1 353 372 65 78
1323 4 2 75 1 48 121 336 108
1324 4 2 75 1 115 45 105 428
1325 4 2 75 1 47 119 301 111
1326 4 2 75 1 575 114 46 117
1327 4 2 75 1 516 157 537 582
1328 4 2 75 1 390 167 344 369
1329 4 2 75 1 87 116 427 495
1330 4 2 75 1 405 337 122 94
1331 4 2 75 1 550 574 118 90
1332 4 2 75 1 302 279 100 120
1333 4 2 75 1 429 445 421 459
1334 4 2 75 1 295 319 242 303
1335 4 2 75 1 325 372 400 339
1336 4 2 75 1 448 70 22 503
1337 4 2 75 1 76 23 322 286
1338 4 2 75 1 494 459 445 485
1339 4 2 75 1 277 242 319 268
1340 4 2 75 1 460 435 61 432
1341 4 2 75 1 309 306 56 243
1342 4 2 75 1 269 132 150 387
1343 4 2 75 1 533 188 198 486
1344 4 2 75 1 542 261 140 158
1345 4 2 75 1 478 395 168 178
1346 4 2 75 1 480 70 448 503
1347 4 2 75 1 263 76 322 286
1348 4 2 75 1 143 385 144 340
1349 4 2 75 1 573 593 539 571
1350 4 2 75 1 291 266 274 300
1351 4 2 75 1 483 417 426 491
1352 4 2 75 1 459 465 429 505
1353 4 2 75 1 288 248 242 303
1354 4 2 75 1 191 181 479 500
1355 4 2 75 1 65 22 353 78
1356 4 2 75 1 82 23 71 590
1357 4 2 75 1 539 530 573 534
1358 4 2 75 1 590 71 82 519
1359 4 2 75 1 108 410 336 411
1360 4 2 75 1 301 111 284 285
1361 4 2 75 1 114 558 575 559
1362 4 2 75 1 501 105 502 428
1363 4 2 75 1 178 399 168 502
1364 4 2 75 1 490 198 559 188
1365 4 2 75 1 411 150 273 132
1366 4 2 75 1 158 285 140 546
1367 4 2 75 1 178 168 478 502
1368 4 2 75 1 198 559 188 533
1369 4 2 75 1 285 140 261 158
1370 4 2 75 1 411 150 132 387
1371 4 2 75 1 336 48 108 411
1372 4 2 75 1 575 46 114 559
1373 4 2 75 1 111 301 47 285
1374 4 2 75 1 105 45 502 428
1375 4 2 75 1 173 361 163 386
1376 4 2 75 1 448 22 70 83
1377 4 2 75 1 322 79 23 76
1378 4 2 75 1 519 590 557 151
1379 4 2 75 1 188 559 523 533
1380 4 2 75 1 502 168 478 467
1381 4 2 75 1 150 411 376 387
1382 4 2 75 1 285 261 250 158
1383 4 2 75 1 200 32 92 586
1384 4 2 75 1 98 36 96 348
1385 4 2 75 1 586 32 92 575
1386 4 2 75 1 348 36 96 336
1387 4 2 75 1 163 361 162 333
1388 4 2 75 1 162 161 339 388
1389 4 2 75 1 100 39 124 312
1390 4 2 75 1 189 28 438 87
1391 4 2 75 1 392 335 386 383
1392 4 2 75 1 576 547 522 552
1393 4 2 75 1 553 539 571 508
1394 4 2 75 1 81 73 24 591
1395 4 2 75 1 591 73 556 531
1396 4 2 75 1 354 334 331 382
1397 4 2 75 1 401 406 375 338
1398 4 2 75 1 536 152 577 151
1399 4 2 75 1 151 557 536 133
1400 4 2 75 1 352 21 67 77
1401 4 2 75 1 577 519 563 553
1402 4 2 75 1 572 529 569 592
1403 4 2 75 1 171 409 161 388
1404 4 2 75 1 125 283 143 262
1405 4 2 75 1 470 164 163 442
1406 4 2 75 1 316 153 154 253
1407 4 2 75 1 414 374 368 328
1408 4 2 75 1 480 416 69 463
1409 4 2 75 1 246 290 263 75
1410 4 2 75 1 333 355 335 392
1411 4 2 75 1 67 412 352 389
1412 4 2 75 1 561 515 566 521
1413 4 2 75 1 106 399 337 405
1414 4 2 75 1 103 427 495 490
1415 4 2 75 1 546 112 550 574
1416 4 2 75 1 109 279 273 302
1417 4 2 75 1 493 196 186 482
1418 4 2 75 1 402 166 391 176
1419 4 2 75 1 148 276 130 265
1420 4 2 75 1 156 138 538 548
1421 4 2 75 1 503 441 480 476
1422 4 2 75 1 259 263 315 286
1423 4 2 75 1 508 134 152 536
1424 4 2 75 1 417 483 452 491
1425 4 2 75 1 235 291 266 274
1426 4 2 75 1 25 85 439 428
1427 4 2 75 1 313 301 40 102
1428 4 2 75 1 154 153 573 534
1429 4 2 75 1 87 433 116 495
1430 4 2 75 1 118 581 550 90
1431 4 2 75 1 483 474 424 477
1432 4 2 75 1 257 260 298 266
1433 4 2 75 1 532 589 592 565
1434 4 2 75 1 409 372 353 161
1435 4 2 75 1 283 143 246 317
1436 4 2 75 1 463 500 181 443
1437 4 2 75 1 564 593 527 572
1438 4 2 75 1 163 164 386 335
1439 4 2 75 1 384 354 327 351
1440 4 2 75 1 172 388 162 361
1441 4 2 75 1 325 372 339 353
1442 4 2 75 1 333 361 400 392
1443 4 2 75 1 424 425 474 483
1444 4 2 75 1 298 257 266 299
1445 4 2 75 1 35 349 169 94
1446 4 2 75 1 31 587 160 90
1447 4 2 75 1 355 326 334 380
1448 4 2 75 1 166 391 408 402
1449 4 2 75 1 482 186 493 499
1450 4 2 75 1 156 538 555 548
1451 4 2 75 1 148 276 265 282
1452 4 2 75 1 441 161 162 476
1453 4 2 75 1 152 259 315 151
1454 4 2 75 1 424 477 184 183
1455 4 2 75 1 145 146 260 298
1456 4 2 75 1 40 313 102 142
1457 4 2 75 1 25 85 180 439
1458 4 2 75 1 136 154 509 534
1459 4 2 75 1 333 356 355 392
1460 4 2 75 1 553 577 519 536
1461 4 2 75 1 101 311 307 231
1462 4 2 75 1 122 35 347 94
1463 4 2 75 1 391 362 175 165
1464 4 2 75 1 129 265 236 147
1465 4 2 75 1 482 195 185 453
1466 4 2 75 1 185 507 525 561
1467 4 2 75 1 372 400 339 388
1468 4 2 75 1 424 425 447 474
1469 4 2 75 1 299 298 257 321
1470 4 2 75 1 483 426 472 491
1471 4 2 75 1 266 274 300 255
1472 4 2 75 1 508 153 571 152
1473 4 2 75 1 147 360 378 414
1474 4 2 75 1 469 451 505 165
1475 4 2 75 1 252 288 155 234
1476 4 2 75 1 155 509 538 137
1477 4 2 75 1 491 463 479 430
1478 4 2 75 1 262 274 246 304
1479 4 2 75 1 406 327 362 165
1480 4 2 75 1 549 58 10 518
1481 4 2 75 1 245 6 54 277
1482 4 2 75 1 63 15 494 462
1483 4 2 75 1 403 51 3 371
1484 4 2 75 1 552 509 155 565
1485 4 2 75 1 539 593 594 571
1486 4 2 75 1 150 273 132 269
1487 4 2 75 1 399 168 395 178
1488 4 2 75 1 158 140 542 546
1489 4 2 75 1 490 198 188 486
1490 4 2 75 1 112 546 47 574
1491 4 2 75 1 337 45 399 106
1492 4 2 75 1 109 273 48 302
1493 4 2 75 1 103 46 427 490
1494 4 2 75 1 532 529 530 592
1495 4 2 75 1 563 590 519 577
1496 4 2 75 1 153 237 320 152
1497 4 2 75 1 162 454 163 446
1498 4 2 75 1 463 68 500 443
1499 4 2 75 1 353 65 372 409
1500 4 2 75 1 74 283 246 317
1501 4 2 75 1 383 382 354 384
1502 4 2 75 1 594 577 553 571
1503 4 2 75 1 519 590 71 557
1504 4 2 75 1 128 260 146 236
1505 4 2 75 1 174 386 164 362
1506 4 2 75 1 453 477 194 184
1507 4 2 75 1 542 158 546 520
1508 4 2 75 1 464 490 188 486
1509 4 2 75 1 395 168 399 373
1510 4 2 75 1 150 273 269 247
1511 4 2 75 1 362 327 164 165
1512 4 2 75 1 116 427 28 87
1513 4 2 75 1 100 39 302 120
1514 4 2 75 1 35 122 337 94
1515 4 2 75 1 118 574 31 90
1516 4 2 75 1 339 400 356 333
1517 4 2 75 1 221 544 29 551
1518 4 2 75 1 406 362 391 165
1519 4 2 75 1 265 236 147 280
1520 4 2 75 1 497 482 185 453
1521 4 2 75 1 509 155 565 154
1522 4 2 75 1 147 236 146 296
1523 4 2 75 1 453 185 422 184
1524 4 2 75 1 509 538 552 155
1525 4 2 75 1 191 556 181 500
1526 4 2 75 1 327 384 406 362
1527 4 2 75 1 508 534 153 135
1528 4 2 75 1 422 497 185 453
1529 4 2 75 1 147 236 296 280
1530 4 2 75 1 509 552 532 565
1531 4 2 75 1 317 304 246 290
1532 4 2 75 1 416 463 430 443
1533 4 2 75 1 594 578 564 528
1534 4 2 75 1 475 444 447 422
1535 4 2 75 1 318 258 296 321
1536 4 2 75 1 302 39 100 312
1537 4 2 75 1 427 438 28 87
1538 4 2 75 1 503 171 409 161
1539 4 2 75 1 557 151 286 133
1540 4 2 75 1 143 283 125 412
1541 4 2 75 1 166 408 357 402
1542 4 2 75 1 555 595 156 548
1543 4 2 75 1 422 475 497 453
1544 4 2 75 1 280 236 296 258
1545 4 2 75 1 8 56 124 309
1546 4 2 75 1 435 61 14 189
1547 4 2 75 1 58 11 200 583
1548 4 2 75 1 98 51 4 345
1549 4 2 75 1 337 349 35 94
1550 4 2 75 1 574 587 31 90
1551 4 2 75 1 326 381 356 340
1552 4 2 75 1 258 257 321 256
1553 4 2 75 1 475 447 473 474
1554 4 2 75 1 31 581 118 90
1555 4 2 75 1 433 116 28 87
1556 4 2 75 1 254 266 257 299
1557 4 2 75 1 474 425 471 483
1558 4 2 75 1 593 530 592 573
1559 4 2 75 1 335 355 354 383
1560 4 2 75 1 13 61 213 450
1561 4 2 75 1 60 9 506 209
1562 4 2 75 1 553 528 594 539
1563 4 2 75 1 120 100 39 307
1564 4 2 75 1 381 356 400 392
1565 4 2 75 1 344 329 49 369
1566 4 2 75 1 516 60 567 582
1567 4 2 75 1 14 61 435 432
1568 4 2 75 1 306 56 8 309
1569 4 2 75 1 540 58 10 549
1570 4 2 75 1 393 51 3 403
1571 4 2 75 1 63 15 484 494
1572 4 2 75 1 6 54 277 267
1573 4 2 75 1 58 11 583 580
1574 4 2 75 1 345 51 4 342
1575 4 2 75 1 333 400 356 392
1576 4 2 75 1 544 221 92 551
1577 4 2 75 1 442 447 473 418
1578 4 2 75 1 256 321 292 316
1579 4 2 75 1 593 539 530 573
1580 4 2 75 1 539 594 553 571
1581 4 2 75 1 325 352 340 389
1582 4 2 75 1 344 49 2 169
1583 4 2 75 1 180 63 16 434
1584 4 2 75 1 308 7 54 142
1585 4 2 75 1 60 12 582 160
1586 4 2 75 1 563 591 578 531
1587 4 2 75 1 359 49 1 203
1588 4 2 75 1 355 335 392 383
1589 4 2 75 1 527 593 539 530
1590 4 2 75 1 415 63 16 215
1591 4 2 75 1 392 380 355 383
1592 4 2 75 1 5 53 233 206
1593 4 2 75 1 37 271 102 229
1594 4 2 75 1 27 87 464 495
1595 4 2 75 1 34 373 405 94
1596 4 2 75 1 520 550 30 90
1597 4 2 75 1 279 100 38 247
1598 4 2 75 1 1 50 359 203
1599 4 2 75 1 61 13 455 450
1600 4 2 75 1 364 49 1 359
1601 4 2 75 1 233 5 56 238
1602 4 2 75 1 60 9 511 506
1603 4 2 75 1 324 52 2 202
1604 4 2 75 1 448 441 416 480
1605 4 2 75 1 290 322 315 263
1606 4 2 75 1 506 9 57 209
1607 4 2 75 1 213 62 13 450
1608 4 2 75 1 10 57 210 540
1609 4 2 75 1 54 6 205 267
1610 4 2 75 1 207 55 7 289
1611 4 2 75 1 562 59 12 212
1612 4 2 75 1 225 94 34 398
1613 4 2 75 1 16 64 415 215
1614 4 2 75 1 3 50 204 393
1615 4 2 75 1 484 62 15 216
1616 4 2 75 1 9 60 511 516
1617 4 2 75 1 238 5 56 243
1618 4 2 75 1 61 13 460 455
1619 4 2 75 1 1 49 364 369
1620 4 2 75 1 489 27 87 219
1621 4 2 75 1 205 6 53 267
1622 4 2 75 1 562 12 60 212
1623 4 2 75 1 233 56 5 206
1624 4 2 75 1 223 581 31 90
1625 4 2 75 1 207 7 54 289
1626 4 2 75 1 26 488 218 86
1627 4 2 75 1 33 397 226 93
1628 4 2 75 1 92 221 29 551
1629 4 2 75 1 324 2 49 202
1630 4 2 75 1 562 60 12 567
1631 4 2 75 1 324 49 2 329
1632 4 2 75 1 420 63 16 415
1633 4 2 75 1 289 7 54 294
1634 4 2 75 1 61 14 431 432
1635 4 2 75 1 306 8 56 305
1636 4 2 75 1 580 58 11 579
1637 4 2 75 1 342 51 4 341
1638 4 2 75 1 204 51 3 393
1639 4 2 75 1 15 63 484 216
1640 4 2 75 1 329 49 2 344
1641 4 2 75 1 60 12 567 582
1642 4 2 75 1 308 54 7 294
1643 4 2 75 1 420 16 63 434
1644 4 2 75 1 201 4 51 341
1645 4 2 75 1 230 38 99 272
1646 4 2 75 1 545 30 222 89
1647 4 2 75 1 88 433 28 220
1648 4 2 75 1 437 85 25 449
1649 4 2 75 1 32 92 596 585
1650 4 2 75 1 223 31 581 91
1651 4 2 75 1 40 311 101 231
1652 4 2 75 1 323 311 40 102
1653 4 2 75 1 210 58 10 540
1654 4 2 75 1 271 37 99 229
1655 4 2 75 1 32 224 585 91
1656 4 2 75 1 220 433 28 87
1657 4 2 75 1 214 14 64 431
1658 4 2 75 1 305 8 56 208
1659 4 2 75 1 211 11 58 579
1660 4 2 75 1 489 87 27 495
1661 4 2 75 1 90 550 30 545
1662 4 2 75 1 94 405 34 398
1663 4 2 75 1 272 100 38 279
1664 4 2 75 1 221 29 544 89
1665 4 2 75 1 26 488 496 85
1666 4 2 75 1 271 278 37 102
1667 4 2 75 1 33 397 404 96
1668 4 2 75 1 217 85 25 437
1669 4 2 75 1 34 225 398 93
1670 4 2 75 1 219 489 27 86
1671 4 2 75 1 33 397 96 226
1672 4 2 75 1 26 488 85 218
1673 4 2 75 1 25 217 437 88
1674 4 2 75 1 343 96 36 358
1675 4 2 75 1 228 96 36 343
1676 4 2 75 1 100 232 39 307
1677 4 2 75 1 305 55 8 208
1678 4 2 75 1 227 35 347 95
1679 4 2 75 1 59 11 211 579
1680 4 2 75 1 30 222 90 545
1681 4 2 75 1 100 38 230 272
1682 4 2 75 1 52 4 201 341
1683 4 2 75 1 96 404 33 410
1684 4 2 75 1 496 501 26 85
1685 4 2 75 1 29 92 551 558
1686 4 2 75 1 278 284 37 102
1687 4 2 75 1 92 32 224 585
1688 4 2 75 1 94 35 347 227
1689 4 2 75 1 61 14 214 431
1690 4 2 75 1 307 232 39 101
1691 4 2 75 1 36 228 343 95
1692 4 2 75 1 311 40 102 231
1693 4 2 75 1 50 393 203 204
1694 4 2 75 1 50 203 393 359
1695 4 2 75 1 202 203 393 204
1696 4 2 75 1 202 393 203 359
1697 4 2 75 1 202 393 341 204
1698 4 2 75 1 341 393 202 324
1699 4 2 75 1 227 343 398 226
1700 4 2 75 1 398 343 227 347
1701 4 2 75 1 458 421 423 457
1702 4 2 75 1 458 423 421 436
1703 4 2 75 1 310 240 242 295
1704 4 2 75 1 242 240 310 241
1705 4 2 75 1 439 179 434 467
1706 4 2 75 1 439 434 179 180
1707 4 2 75 1 142 250 102 141
1708 4 2 75 1 142 102 250 313
1709 4 2 75 1 522 595 156 555
1710 4 2 75 1 522 156 595 576
1711 4 2 75 1 408 338 330 375
1712 4 2 75 1 330 338 408 357
1713 4 2 75 1 189 487 460 190
1714 4 2 75 1 460 487 189 435
1715 4 2 75 1 460 61 189 190
1716 4 2 75 1 189 61 460 435
1717 4 2 75 1 309 123 312 270
1718 4 2 75 1 312 123 309 124
1719 4 2 75 1 408 330 364 365
1720 4 2 75 1 408 364 330 357
1721 4 2 75 1 512 595 522 555
1722 4 2 75 1 512 522 595 568
1723 4 2 75 1 339 361 388 400
1724 4 2 75 1 388 361 339 162
1725 4 2 75 1 258 298 236 296
1726 4 2 75 1 258 236 298 257
1727 4 2 75 1 422 474 447 475
1728 4 2 75 1 447 474 422 424
1729 4 2 75 1 554 481 533 197
1730 4 2 75 1 533 481 554 187
1731 4 2 75 1 167 177 402 390
1732 4 2 75 1 167 402 177 498
1733 4 2 75 1 139 157 548 281
1734 4 2 75 1 139 548 157 537
1735 4 2 75 1 264 407 387 149
1736 4 2 75 1 387 407 264 131
1737 4 2 75 1 343 227 95 228
1738 4 2 75 1 343 95 227 347
$EndElements
